# The following table is formatted as tab separated values. 
#GeneName	GeneId	TranscriptId	BioType	variants_impact_HIGH	variants_impact_LOW	variants_impact_MODERATE	variants_impact_MODIFIER	variants_effect_downstream_gene_variant	variants_effect_missense_variant	variants_effect_splice_region_variant	variants_effect_start_lost	variants_effect_stop_gained	variants_effect_stop_lost	variants_effect_stop_retained_variant	variants_effect_synonymous_variant	variants_effect_upstream_gene_variant
EC958_0010	EC958_0010	EC958_0010	protein_coding	0	0	0	1	0	0	0	0	0	0	0	0	1
EC958_0011	EC958_0011	EC958_0011	protein_coding	0	0	0	7	0	0	0	0	0	0	0	0	7
EC958_0012	EC958_0012	EC958_0012	protein_coding	0	0	0	13	0	0	0	0	0	0	0	0	13
EC958_0013	EC958_0013	EC958_0013	protein_coding	0	1	1	29	23	1	0	0	0	0	0	1	6
EC958_0014	EC958_0014	EC958_0014	protein_coding	0	0	2	34	26	2	0	0	0	0	0	0	8
EC958_0015	EC958_0015	EC958_0015	protein_coding	0	0	2	36	25	2	0	0	0	0	0	0	11
EC958_0016	EC958_0016	EC958_0016	protein_coding	0	3	3	37	24	3	0	0	0	0	0	3	13
EC958_0017	EC958_0017	EC958_0017	protein_coding	0	1	0	44	20	0	0	0	0	0	0	1	24
EC958_0018	EC958_0018	EC958_0018	protein_coding	0	1	1	37	14	1	0	0	0	0	0	1	23
EC958_0020	EC958_0020	EC958_0020	protein_coding	0	6	3	31	23	3	0	0	0	0	0	6	8
EC958_0021	EC958_0021	EC958_0021	protein_coding	0	2	1	28	23	1	0	0	0	0	0	2	5
EC958_0022	EC958_0022	EC958_0022	protein_coding	0	1	1	28	24	1	0	0	0	0	0	1	4
EC958_0023	EC958_0023	EC958_0023	protein_coding	0	0	1	22	3	1	0	0	0	0	0	0	19
EC958_0024	EC958_0024	EC958_0024	protein_coding	0	0	0	27	19	0	0	0	0	0	0	0	8
EC958_0025	EC958_0025	EC958_0025	protein_coding	0	0	0	41	14	0	0	0	0	0	0	0	27
EC958_0026	EC958_0026	EC958_0026	protein_coding	0	1	0	53	11	0	0	0	0	0	0	1	42
EC958_0027	EC958_0027	EC958_0027	protein_coding	0	0	0	88	12	0	0	0	0	0	0	0	76
EC958_0028	EC958_0028	EC958_0028	protein_coding	0	0	0	91	8	0	0	0	0	0	0	0	83
EC958_0029	EC958_0029	EC958_0029	protein_coding	0	0	0	88	5	0	0	0	0	0	0	0	83
EC958_0030	EC958_0030	EC958_0030	protein_coding	0	3	0	85	4	0	0	0	0	0	0	3	81
EC958_0031	EC958_0031	EC958_0031	protein_coding	0	1	0	87	8	0	0	0	0	0	0	1	79
EC958_0033	EC958_0033	EC958_0033	protein_coding	0	6	10	96	55	10	0	0	0	0	0	6	41
EC958_0034	EC958_0034	EC958_0034	protein_coding	0	3	4	112	72	4	0	0	0	0	0	3	40
EC958_0036	EC958_0036	EC958_0036	protein_coding	0	1	0	185	102	0	0	0	0	0	0	1	83
EC958_0038	EC958_0038	EC958_0038	protein_coding	1	16	12	107	43	12	0	1	0	0	0	16	64
EC958_0041	EC958_0041	EC958_0041	protein_coding	0	0	0	167	105	0	0	0	0	0	0	0	62
EC958_0042	EC958_0042	EC958_0042	protein_coding	0	0	0	165	92	0	0	0	0	0	0	0	73
EC958_0052	EC958_0052	EC958_0052	protein_coding	0	1	0	105	73	0	0	0	0	0	0	1	32
EC958_0055	EC958_0055	EC958_0055	protein_coding	0	0	0	55	19	0	0	0	0	0	0	0	36
EC958_0057	EC958_0057	EC958_0057	protein_coding	0	4	6	69	19	6	0	0	0	0	0	4	50
EC958_0058	EC958_0058	EC958_0058	protein_coding	0	0	0	80	49	0	0	0	0	0	0	0	31
EC958_0064	EC958_0064	EC958_0064	protein_coding	0	15	1	75	34	1	0	0	0	0	0	15	41
EC958_0067	EC958_0067	EC958_0067	protein_coding	0	1	0	110	43	0	0	0	0	0	0	1	67
EC958_0071	EC958_0071	EC958_0071	protein_coding	0	31	2	102	42	2	0	0	0	0	0	31	60
EC958_0072	EC958_0072	EC958_0072	protein_coding	0	22	13	92	25	13	0	0	0	0	0	22	67
EC958_0074	EC958_0074	EC958_0074	protein_coding	0	2	2	95	4	2	0	0	0	0	0	2	91
EC958_0076	EC958_0076	EC958_0076	protein_coding	0	0	0	99	88	0	0	0	0	0	0	0	11
EC958_0077	EC958_0077	EC958_0077	protein_coding	0	0	0	49	25	0	0	0	0	0	0	0	24
EC958_0078	EC958_0078	EC958_0078	protein_coding	0	0	0	34	1	0	0	0	0	0	0	0	33
EC958_0079	EC958_0079	EC958_0079	protein_coding	0	0	0	52	0	0	0	0	0	0	0	0	52
EC958_0080	EC958_0080	EC958_0080	protein_coding	0	2	4	51	48	4	0	0	0	0	0	2	3
EC958_0081	EC958_0081	EC958_0081	protein_coding	0	2	0	58	49	0	0	0	0	0	0	2	9
EC958_0083	EC958_0083	EC958_0083	protein_coding	0	1	0	64	19	0	0	0	0	0	0	1	45
EC958_0085	EC958_0085	EC958_0085	protein_coding	0	11	1	96	48	1	0	0	0	0	0	11	48
EC958_0086	EC958_0086	EC958_0086	protein_coding	0	11	0	98	45	0	0	0	0	0	0	11	53
EC958_0088	EC958_0088	EC958_0088	protein_coding	0	8	4	109	70	4	0	0	0	0	0	8	39
EC958_0098	EC958_0098	EC958_0098	protein_coding	0	0	0	116	31	0	0	0	0	0	0	0	85
EC958_0105	EC958_0105	EC958_0105	protein_coding	0	2	0	110	66	0	0	0	0	0	0	2	44
EC958_0110	EC958_0110	EC958_0110	protein_coding	0	0	0	74	6	0	0	0	0	0	0	0	68
EC958_0117	EC958_0117	EC958_0117	protein_coding	0	1	0	9	6	0	0	0	0	0	0	1	3
EC958_0122	EC958_0122	EC958_0122	protein_coding	0	0	0	4	1	0	0	0	0	0	0	0	3
EC958_0123	EC958_0123	EC958_0123	protein_coding	0	0	0	4	1	0	0	0	0	0	0	0	3
EC958_0127	EC958_0127	EC958_0127	protein_coding	0	0	0	1	0	0	0	0	0	0	0	0	1
EC958_0266	EC958_0266	EC958_0266	protein_coding	0	0	0	1	0	0	0	0	0	0	0	0	1
EC958_0267	EC958_0267	EC958_0267	protein_coding	0	0	0	1	1	0	0	0	0	0	0	0	0
EC958_0275	EC958_0275	EC958_0275	protein_coding	0	0	0	1	0	0	0	0	0	0	0	0	1
EC958_0293	EC958_0293	EC958_0293	protein_coding	0	0	0	1	0	0	0	0	0	0	0	0	1
EC958_0294	EC958_0294	EC958_0294	protein_coding	0	0	0	1	0	0	0	0	0	0	0	0	1
EC958_0295	EC958_0295	EC958_0295	protein_coding	0	0	0	1	0	0	0	0	0	0	0	0	1
EC958_0479	EC958_0479	EC958_0479	protein_coding	0	0	0	2	1	0	0	0	0	0	0	0	1
EC958_0929	EC958_0929	EC958_0929	protein_coding	0	0	0	1	0	0	0	0	0	0	0	0	1
EC958_0936	EC958_0936	EC958_0936	protein_coding	0	0	0	2	2	0	0	0	0	0	0	0	0
EC958_0937	EC958_0937	EC958_0937	protein_coding	0	0	0	1	0	0	0	0	0	0	0	0	1
EC958_1065	EC958_1065	EC958_1065	protein_coding	0	0	0	4	4	0	0	0	0	0	0	0	0
EC958_1066	EC958_1066	EC958_1066	protein_coding	0	1	1	4	0	1	0	0	0	0	0	1	4
EC958_1067	EC958_1067	EC958_1067	protein_coding	0	0	0	7	5	0	0	0	0	0	0	0	2
EC958_1068	EC958_1068	EC958_1068	protein_coding	0	0	0	8	2	0	0	0	0	0	0	0	6
EC958_1069	EC958_1069	EC958_1069	protein_coding	0	0	0	9	2	0	0	0	0	0	0	0	7
EC958_1070	EC958_1070	EC958_1070	protein_coding	0	2	0	9	2	0	0	0	0	0	0	2	7
EC958_1071	EC958_1071	EC958_1071	protein_coding	0	1	1	12	4	1	0	0	0	0	0	1	8
EC958_1072	EC958_1072	EC958_1072	protein_coding	0	0	0	15	5	0	0	0	0	0	0	0	10
EC958_1073	EC958_1073	EC958_1073	protein_coding	0	0	1	14	4	1	0	0	0	0	0	0	10
EC958_1074	EC958_1074	EC958_1074	protein_coding	0	1	0	15	5	0	0	0	0	0	0	1	10
EC958_1075	EC958_1075	EC958_1075	protein_coding	0	0	0	16	6	0	0	0	0	0	0	0	10
EC958_1076	EC958_1076	EC958_1076	protein_coding	0	0	1	15	6	1	0	0	0	0	0	0	9
EC958_1077	EC958_1077	EC958_1077	protein_coding	0	4	4	10	7	4	0	0	0	0	0	4	3
EC958_1078	EC958_1078	EC958_1078	protein_coding	0	0	0	13	10	0	0	0	0	0	0	0	3
EC958_1079	EC958_1079	EC958_1079	protein_coding	0	0	1	11	9	1	0	0	0	0	0	0	2
EC958_1080	EC958_1080	EC958_1080	protein_coding	0	0	0	12	10	0	0	0	0	0	0	0	2
EC958_1081	EC958_1081	EC958_1081	protein_coding	0	1	0	13	9	0	0	0	0	0	0	1	4
EC958_1082	EC958_1082	EC958_1082	protein_coding	0	0	0	12	8	0	0	0	0	0	0	0	4
EC958_1083	EC958_1083	EC958_1083	protein_coding	0	0	0	12	8	0	0	0	0	0	0	0	4
EC958_1084	EC958_1084	EC958_1084	protein_coding	0	1	0	11	8	0	0	0	0	0	0	1	3
EC958_1085	EC958_1085	EC958_1085	protein_coding	0	0	0	8	5	0	0	0	0	0	0	0	3
EC958_1086	EC958_1086	EC958_1086	protein_coding	0	0	0	14	4	0	0	0	0	0	0	0	10
EC958_1087	EC958_1087	EC958_1087	protein_coding	0	0	0	14	3	0	0	0	0	0	0	0	11
EC958_1088	EC958_1088	EC958_1088	protein_coding	0	1	2	10	2	2	0	0	0	0	0	1	8
EC958_1089	EC958_1089	EC958_1089	protein_coding	0	0	0	13	5	0	0	0	0	0	0	0	8
EC958_1090	EC958_1090	EC958_1090	protein_coding	0	2	1	9	4	1	0	0	0	0	0	2	5
EC958_1091	EC958_1091	EC958_1091	protein_coding	0	4	1	6	6	1	0	0	0	0	0	4	0
EC958_1092	EC958_1092	EC958_1092	protein_coding	0	0	0	11	11	0	0	0	0	0	0	0	0
EC958_1093	EC958_1093	EC958_1093	protein_coding	0	0	0	11	11	0	0	0	0	0	0	0	0
EC958_1094	EC958_1094	EC958_1094	protein_coding	0	0	0	10	10	0	0	0	0	0	0	0	0
EC958_1095	EC958_1095	EC958_1095	protein_coding	0	0	0	8	8	0	0	0	0	0	0	0	0
EC958_1096	EC958_1096	EC958_1096	protein_coding	0	0	0	8	8	0	0	0	0	0	0	0	0
EC958_1097	EC958_1097	EC958_1097	protein_coding	0	0	0	11	8	0	0	0	0	0	0	0	3
EC958_1098	EC958_1098	EC958_1098	protein_coding	0	0	0	17	9	0	0	0	0	0	0	0	8
EC958_1099	EC958_1099	EC958_1099	protein_coding	0	0	0	12	1	0	0	0	0	0	0	0	11
EC958_1100	EC958_1100	EC958_1100	protein_coding	0	0	0	16	15	0	0	0	0	0	0	0	1
EC958_1101	EC958_1101	EC958_1101	protein_coding	0	0	0	16	16	0	0	0	0	0	0	0	0
EC958_1102	EC958_1102	EC958_1102	protein_coding	0	0	0	16	0	0	0	0	0	0	0	0	16
EC958_1103	EC958_1103	EC958_1103	protein_coding	0	0	0	17	17	0	0	0	0	0	0	0	0
EC958_1104	EC958_1104	EC958_1104	protein_coding	0	0	0	19	19	0	0	0	0	0	0	0	0
EC958_1105	EC958_1105	EC958_1105	protein_coding	0	0	0	21	21	0	0	0	0	0	0	0	0
EC958_1106	EC958_1106	EC958_1106	protein_coding	0	0	0	21	21	0	0	0	0	0	0	0	0
EC958_1107	EC958_1107	EC958_1107	protein_coding	0	14	1	12	12	1	0	0	0	0	0	14	0
EC958_1108	EC958_1108	EC958_1108	protein_coding	0	0	0	27	11	0	0	0	0	0	0	0	16
EC958_1109	EC958_1109	EC958_1109	protein_coding	0	0	1	26	10	1	0	0	0	0	0	0	16
EC958_1110	EC958_1110	EC958_1110	protein_coding	0	1	1	25	8	1	0	0	0	0	0	1	17
EC958_1111	EC958_1111	EC958_1111	protein_coding	0	1	0	26	7	0	0	0	0	0	0	1	19
EC958_1112	EC958_1112	EC958_1112	protein_coding	0	0	0	27	7	0	0	0	0	0	0	0	20
EC958_1113	EC958_1113	EC958_1113	protein_coding	0	1	0	26	6	0	0	0	0	0	0	1	20
EC958_1114	EC958_1114	EC958_1114	protein_coding	0	0	0	27	6	0	0	0	0	0	0	0	21
EC958_1115	EC958_1115	EC958_1115	protein_coding	0	0	1	26	5	1	0	0	0	0	0	0	21
EC958_1116	EC958_1116	EC958_1116	protein_coding	0	0	0	20	5	0	0	0	0	0	0	0	15
EC958_1117	EC958_1117	EC958_1117	protein_coding	0	1	1	16	3	1	0	0	0	0	0	1	13
EC958_1118	EC958_1118	EC958_1118	protein_coding	0	3	0	13	0	0	0	0	0	0	0	3	13
EC958_1120	EC958_1120	EC958_1120	protein_coding	0	0	0	11	0	0	0	0	0	0	0	0	11
EC958_1334	EC958_1334	EC958_1334	protein_coding	0	0	0	33	0	0	0	0	0	0	0	0	33
EC958_1335	EC958_1335	EC958_1335	protein_coding	0	0	0	39	0	0	0	0	0	0	0	0	39
EC958_1336	EC958_1336	EC958_1336	protein_coding	0	0	0	45	0	0	0	0	0	0	0	0	45
EC958_1337	EC958_1337	EC958_1337	protein_coding	0	0	0	48	0	0	0	0	0	0	0	0	48
EC958_1338	EC958_1338	EC958_1338	protein_coding	0	0	0	52	0	0	0	0	0	0	0	0	52
EC958_1339	EC958_1339	EC958_1339	protein_coding	0	0	0	52	0	0	0	0	0	0	0	0	52
EC958_1340	EC958_1340	EC958_1340	protein_coding	0	0	0	72	0	0	0	0	0	0	0	0	72
EC958_1341	EC958_1341	EC958_1341	protein_coding	0	5	0	80	0	0	0	0	0	0	0	5	80
EC958_1343	EC958_1343	EC958_1343	protein_coding	0	0	0	89	9	0	0	0	0	0	0	0	80
EC958_1344	EC958_1344	EC958_1344	protein_coding	0	10	2	82	24	2	0	0	0	0	0	10	58
EC958_1345	EC958_1345	EC958_1345	protein_coding	0	1	1	92	55	1	0	0	0	0	0	1	37
EC958_1346	EC958_1346	EC958_1346	protein_coding	0	6	4	84	45	4	0	0	0	0	0	6	39
EC958_1347	EC958_1347	EC958_1347	protein_coding	0	7	4	84	34	4	0	0	0	0	0	7	50
EC958_1348	EC958_1348	EC958_1348	protein_coding	0	12	3	80	19	3	0	0	0	0	0	12	61
EC958_1349	EC958_1349	EC958_1349	protein_coding	0	7	5	104	23	5	0	0	0	0	0	7	81
EC958_1362	EC958_1362	EC958_1362	protein_coding	0	0	0	121	98	0	0	0	0	0	0	0	23
EC958_1363	EC958_1363	EC958_1363	protein_coding	0	0	0	145	128	0	0	0	0	0	0	0	17
EC958_1365	EC958_1365	EC958_1365	protein_coding	0	48	6	163	148	6	0	0	0	0	0	48	15
EC958_1366	EC958_1366	EC958_1366	protein_coding	0	29	6	193	124	6	0	0	0	0	0	29	69
EC958_1367	EC958_1367	EC958_1367	protein_coding	0	42	16	179	75	16	0	0	0	0	0	42	104
EC958_1369	EC958_1369	EC958_1369	protein_coding	0	4	4	219	69	4	0	0	0	0	0	4	150
EC958_1371	EC958_1371	EC958_1371	protein_coding	0	22	2	193	47	2	0	0	0	0	0	22	146
EC958_1372	EC958_1372	EC958_1372	protein_coding	0	9	11	163	27	11	0	0	0	0	0	9	136
EC958_1373	EC958_1373	EC958_1373	protein_coding	0	6	6	163	15	6	0	0	0	0	0	6	148
EC958_1374	EC958_1374	EC958_1374	protein_coding	0	0	0	169	17	0	0	0	0	0	0	0	152
EC958_1376	EC958_1376	EC958_1376	protein_coding	0	0	1	151	15	1	0	0	0	0	0	0	136
EC958_1377	EC958_1377	EC958_1377	protein_coding	0	4	2	122	9	2	0	0	0	0	0	4	113
EC958_1378	EC958_1378	EC958_1378	protein_coding	0	4	1	84	2	1	0	0	0	0	0	4	82
EC958_1379	EC958_1379	EC958_1379	protein_coding	0	0	2	15	0	2	0	0	0	0	0	0	15
EC958_1380	EC958_1380	EC958_1380	protein_coding	0	0	0	20	3	0	0	0	0	0	0	0	17
EC958_1381	EC958_1381	EC958_1381	protein_coding	0	0	0	22	7	0	0	0	0	0	0	0	15
EC958_1382	EC958_1382	EC958_1382	protein_coding	0	0	0	22	7	0	0	0	0	0	0	0	15
EC958_1384	EC958_1384	EC958_1384	protein_coding	0	2	0	12	5	0	0	0	0	0	0	2	7
EC958_1386	EC958_1386	EC958_1386	protein_coding	0	3	2	5	3	2	0	0	0	0	0	3	2
EC958_1387	EC958_1387	EC958_1387	protein_coding	0	0	0	10	3	0	0	0	0	0	0	0	7
EC958_1392	EC958_1392	EC958_1392	protein_coding	0	0	0	3	0	0	0	0	0	0	0	0	3
EC958_1393	EC958_1393	EC958_1393	protein_coding	0	0	0	3	0	0	0	0	0	0	0	0	3
EC958_1525	EC958_1525	EC958_1525	protein_coding	0	0	0	2	0	0	0	0	0	0	0	0	2
EC958_1532	EC958_1532	EC958_1532	protein_coding	0	2	2	2	0	2	0	0	0	0	0	2	2
EC958_1533	EC958_1533	EC958_1533	protein_coding	0	0	1	5	5	1	0	0	0	0	0	0	0
EC958_1536	EC958_1536	EC958_1536	protein_coding	0	0	0	5	5	0	0	0	0	0	0	0	0
EC958_1537	EC958_1537	EC958_1537	protein_coding	0	0	0	5	5	0	0	0	0	0	0	0	0
EC958_1538	EC958_1538	EC958_1538	protein_coding	0	0	0	5	5	0	0	0	0	0	0	0	0
EC958_1539	EC958_1539	EC958_1539	protein_coding	0	0	0	5	5	0	0	0	0	0	0	0	0
EC958_1540	EC958_1540	EC958_1540	protein_coding	0	0	0	5	0	0	0	0	0	0	0	0	5
EC958_1541	EC958_1541	EC958_1541	protein_coding	0	0	0	5	5	0	0	0	0	0	0	0	0
EC958_1542	EC958_1542	EC958_1542	protein_coding	0	0	0	5	5	0	0	0	0	0	0	0	0
EC958_1543	EC958_1543	EC958_1543	protein_coding	0	0	0	5	5	0	0	0	0	0	0	0	0
EC958_1544	EC958_1544	EC958_1544	protein_coding	0	0	0	5	5	0	0	0	0	0	0	0	0
EC958_1545	EC958_1545	EC958_1545	protein_coding	0	0	2	3	0	2	0	0	0	0	0	0	3
EC958_1546	EC958_1546	EC958_1546	protein_coding	0	0	0	16	11	0	0	0	0	0	0	0	5
EC958_1547	EC958_1547	EC958_1547	protein_coding	0	0	0	12	12	0	0	0	0	0	0	0	0
EC958_1548	EC958_1548	EC958_1548	protein_coding	0	0	0	12	0	0	0	0	0	0	0	0	12
EC958_1549	EC958_1549	EC958_1549	protein_coding	0	0	0	12	12	0	0	0	0	0	0	0	0
EC958_1550	EC958_1550	EC958_1550	protein_coding	0	0	0	12	12	0	0	0	0	0	0	0	0
EC958_1551	EC958_1551	EC958_1551	protein_coding	0	0	0	12	12	0	0	0	0	0	0	0	0
EC958_1552	EC958_1552	EC958_1552	protein_coding	0	0	0	12	12	0	0	0	0	0	0	0	0
EC958_1553	EC958_1553	EC958_1553	protein_coding	0	1	1	10	0	1	0	0	0	0	0	1	10
EC958_1554	EC958_1554	EC958_1554	protein_coding	0	4	4	4	2	4	0	0	0	0	0	4	2
EC958_1555	EC958_1555	EC958_1555	protein_coding	0	0	0	12	1	0	0	0	0	0	0	0	11
EC958_1556	EC958_1556	EC958_1556	protein_coding	0	0	1	11	0	1	0	0	0	0	0	0	11
EC958_1557	EC958_1557	EC958_1557	protein_coding	0	0	0	15	3	0	0	0	0	0	0	0	12
EC958_1559	EC958_1559	EC958_1559	protein_coding	0	0	0	15	4	0	0	0	0	0	0	0	11
EC958_1561	EC958_1561	EC958_1561	protein_coding	0	0	0	12	4	0	0	0	0	0	0	0	8
EC958_1562	EC958_1562	EC958_1562	protein_coding	0	0	0	4	4	0	0	0	0	0	0	0	0
EC958_1563	EC958_1563	EC958_1563	protein_coding	0	0	0	5	5	0	0	0	0	0	0	0	0
EC958_1564	EC958_1564	EC958_1564	protein_coding	0	1	0	6	6	0	0	0	0	0	0	1	0
EC958_1565	EC958_1565	EC958_1565	protein_coding	0	0	0	7	6	0	0	0	0	0	0	0	1
EC958_1566	EC958_1566	EC958_1566	protein_coding	0	2	0	5	4	0	0	0	0	0	0	2	1
EC958_1567	EC958_1567	EC958_1567	protein_coding	0	1	0	6	3	0	0	0	0	0	0	1	3
EC958_1568	EC958_1568	EC958_1568	protein_coding	0	0	0	7	3	0	0	0	0	0	0	0	4
EC958_1569	EC958_1569	EC958_1569	protein_coding	0	2	1	14	10	1	0	0	0	0	0	2	4
EC958_1570	EC958_1570	EC958_1570	protein_coding	0	0	0	16	10	0	0	0	0	0	0	0	6
EC958_1571	EC958_1571	EC958_1571	protein_coding	0	0	0	16	10	0	0	0	0	0	0	0	6
EC958_1572	EC958_1572	EC958_1572	protein_coding	0	0	0	14	10	0	0	0	0	0	0	0	4
EC958_1573	EC958_1573	EC958_1573	protein_coding	0	3	0	10	7	0	0	0	0	0	0	3	3
EC958_1574	EC958_1574	EC958_1574	protein_coding	0	6	1	6	0	1	0	0	0	0	0	6	6
EC958_1575	EC958_1575	EC958_1575	protein_coding	0	0	0	10	0	0	0	0	0	0	0	0	10
EC958_1579	EC958_1579	EC958_1579	protein_coding	0	0	0	2	0	0	0	0	0	0	0	0	2
EC958_1580	EC958_1580	EC958_1580	protein_coding	0	0	0	2	2	0	0	0	0	0	0	0	0
EC958_1581	EC958_1581	EC958_1581	protein_coding	0	0	0	2	2	0	0	0	0	0	0	0	0
EC958_1582	EC958_1582	EC958_1582	protein_coding	0	0	0	2	2	0	0	0	0	0	0	0	0
EC958_1583	EC958_1583	EC958_1583	protein_coding	0	0	0	2	0	0	0	0	0	0	0	0	2
EC958_1585	EC958_1585	EC958_1585	protein_coding	0	0	2	0	0	2	0	0	0	0	0	0	0
EC958_1586	EC958_1586	EC958_1586	protein_coding	0	0	0	2	2	0	0	0	0	0	0	0	0
EC958_1588	EC958_1588	EC958_1588	protein_coding	0	0	0	2	0	0	0	0	0	0	0	0	2
EC958_1592	EC958_1592	EC958_1592	protein_coding	0	0	0	2	2	0	0	0	0	0	0	0	0
EC958_1617	EC958_1617	EC958_1617	protein_coding	0	0	0	1	1	0	0	0	0	0	0	0	0
EC958_1618	EC958_1618	EC958_1618	protein_coding	0	0	0	1	1	0	0	0	0	0	0	0	0
EC958_1620	EC958_1620	EC958_1620	protein_coding	0	0	0	2	1	0	0	0	0	0	0	0	1
EC958_1623	EC958_1623	EC958_1623	protein_coding	0	0	0	1	0	0	0	0	0	0	0	0	1
EC958_1624	EC958_1624	EC958_1624	protein_coding	0	0	0	1	0	0	0	0	0	0	0	0	1
EC958_1625	EC958_1625	EC958_1625	protein_coding	0	0	0	1	0	0	0	0	0	0	0	0	1
EC958_2108	EC958_2108	EC958_2108	protein_coding	0	0	0	1	1	0	0	0	0	0	0	0	0
EC958_2123	EC958_2123	EC958_2123	protein_coding	0	0	0	1	0	0	0	0	0	0	0	0	1
EC958_2129	EC958_2129	EC958_2129	protein_coding	0	0	0	1	0	0	0	0	0	0	0	0	1
EC958_2130	EC958_2130	EC958_2130	protein_coding	0	0	0	1	0	0	0	0	0	0	0	0	1
EC958_2131	EC958_2131	EC958_2131	protein_coding	0	0	0	2	0	0	0	0	0	0	0	0	2
EC958_2132	EC958_2132	EC958_2132	protein_coding	0	1	0	2	0	0	0	0	0	0	0	1	2
EC958_2133	EC958_2133	EC958_2133	protein_coding	0	0	0	3	1	0	0	0	0	0	0	0	2
EC958_2134	EC958_2134	EC958_2134	protein_coding	0	0	0	3	1	0	0	0	0	0	0	0	2
EC958_2135	EC958_2135	EC958_2135	protein_coding	0	0	0	3	1	0	0	0	0	0	0	0	2
EC958_2136	EC958_2136	EC958_2136	protein_coding	0	0	1	2	1	1	0	0	0	0	0	0	1
EC958_2137	EC958_2137	EC958_2137	protein_coding	0	0	0	3	2	0	0	0	0	0	0	0	1
EC958_2138	EC958_2138	EC958_2138	protein_coding	0	0	1	2	2	1	0	0	0	0	0	0	0
EC958_2139	EC958_2139	EC958_2139	protein_coding	0	0	0	2	2	0	0	0	0	0	0	0	0
EC958_2140	EC958_2140	EC958_2140	protein_coding	0	0	0	2	2	0	0	0	0	0	0	0	0
EC958_2141	EC958_2141	EC958_2141	protein_coding	0	0	0	2	2	0	0	0	0	0	0	0	0
EC958_2142	EC958_2142	EC958_2142	protein_coding	0	0	0	2	2	0	0	0	0	0	0	0	0
EC958_2143	EC958_2143	EC958_2143	protein_coding	0	0	0	1	1	0	0	0	0	0	0	0	0
EC958_2144	EC958_2144	EC958_2144	protein_coding	0	0	0	1	1	0	0	0	0	0	0	0	0
EC958_2145	EC958_2145	EC958_2145	protein_coding	0	0	0	1	1	0	0	0	0	0	0	0	0
EC958_2147	EC958_2147	EC958_2147	protein_coding	0	0	0	1	0	0	0	0	0	0	0	0	1
EC958_2148	EC958_2148	EC958_2148	protein_coding	0	0	0	1	0	0	0	0	0	0	0	0	1
EC958_2149	EC958_2149	EC958_2149	protein_coding	0	0	0	1	0	0	0	0	0	0	0	0	1
EC958_2150	EC958_2150	EC958_2150	protein_coding	0	0	0	1	0	0	0	0	0	0	0	0	1
EC958_2151	EC958_2151	EC958_2151	protein_coding	0	0	0	1	0	0	0	0	0	0	0	0	1
EC958_2152	EC958_2152	EC958_2152	protein_coding	0	0	0	1	1	0	0	0	0	0	0	0	0
EC958_2153	EC958_2153	EC958_2153	protein_coding	0	0	0	1	1	0	0	0	0	0	0	0	0
EC958_2154	EC958_2154	EC958_2154	protein_coding	0	0	0	1	1	0	0	0	0	0	0	0	0
EC958_2155	EC958_2155	EC958_2155	protein_coding	0	0	0	1	1	0	0	0	0	0	0	0	0
EC958_2156	EC958_2156	EC958_2156	protein_coding	0	0	0	1	1	0	0	0	0	0	0	0	0
EC958_2157	EC958_2157	EC958_2157	protein_coding	0	0	0	1	0	0	0	0	0	0	0	0	1
EC958_2158	EC958_2158	EC958_2158	protein_coding	0	0	0	1	0	0	0	0	0	0	0	0	1
EC958_2159	EC958_2159	EC958_2159	protein_coding	0	0	0	1	0	0	0	0	0	0	0	0	1
EC958_2335	EC958_2335	EC958_2335	protein_coding	0	0	0	1	0	0	0	0	0	0	0	0	1
EC958_2336	EC958_2336	EC958_2336	protein_coding	0	0	0	1	0	0	0	0	0	0	0	0	1
EC958_2337	EC958_2337	EC958_2337	protein_coding	0	0	0	1	0	0	0	0	0	0	0	0	1
EC958_2338	EC958_2338	EC958_2338	protein_coding	0	0	0	1	1	0	0	0	0	0	0	0	0
EC958_2339	EC958_2339	EC958_2339	protein_coding	0	0	1	1	1	1	0	0	0	0	0	0	0
EC958_3181	EC958_3181	EC958_3181	protein_coding	0	0	0	1	0	0	0	0	0	0	0	0	1
EC958_3197	EC958_3197	EC958_3197	protein_coding	0	8	0	16	13	0	0	0	0	0	0	8	3
EC958_3198	EC958_3198	EC958_3198	protein_coding	0	1	0	22	10	0	0	0	0	0	0	1	12
EC958_3199	EC958_3199	EC958_3199	protein_coding	0	0	3	20	11	3	0	0	0	0	0	0	9
EC958_3200	EC958_3200	EC958_3200	protein_coding	1	0	0	22	14	0	1	0	0	1	0	0	8
EC958_3204	EC958_3204	EC958_3204	protein_coding	0	3	0	26	19	0	0	0	0	0	0	3	7
EC958_3205	EC958_3205	EC958_3205	protein_coding	0	0	1	19	13	1	0	0	0	0	0	0	6
EC958_3206	EC958_3206	EC958_3206	protein_coding	0	1	0	14	9	0	0	0	0	0	0	1	5
EC958_3207	EC958_3207	EC958_3207	protein_coding	0	0	0	14	3	0	0	0	0	0	0	0	11
EC958_3208	EC958_3208	EC958_3208	protein_coding	0	1	0	16	6	0	0	0	0	0	0	1	10
EC958_3209	EC958_3209	EC958_3209	protein_coding	0	1	1	24	16	1	0	0	0	0	0	1	8
EC958_3210	EC958_3210	EC958_3210	protein_coding	0	0	0	27	19	0	0	0	0	0	0	0	8
EC958_3211	EC958_3211	EC958_3211	protein_coding	0	0	0	27	20	0	0	0	0	0	0	0	7
EC958_3214	EC958_3214	EC958_3214	protein_coding	0	0	0	32	5	0	0	0	0	0	0	0	27
EC958_3215	EC958_3215	EC958_3215	protein_coding	0	14	2	15	3	2	0	0	0	0	0	14	12
EC958_3218	EC958_3218	EC958_3218	protein_coding	0	0	0	38	16	0	0	0	0	0	0	0	22
EC958_3219	EC958_3219	EC958_3219	protein_coding	0	0	0	38	16	0	0	0	0	0	0	0	22
EC958_3235	EC958_3235	EC958_3235	protein_coding	0	6	1	115	49	1	0	0	0	0	0	6	66
EC958_3242	EC958_3242	EC958_3242	protein_coding	0	1	2	106	55	2	0	0	0	0	0	1	51
EC958_3243	EC958_3243	EC958_3243	protein_coding	0	4	1	105	63	1	0	0	0	0	0	4	42
EC958_3244	EC958_3244	EC958_3244	protein_coding	0	3	2	112	65	2	0	0	0	0	0	3	47
EC958_3248	EC958_3248	EC958_3248	protein_coding	1	3	4	81	55	4	0	0	1	0	0	3	26
EC958_3257	EC958_3257	EC958_3257	protein_coding	0	0	0	31	0	0	0	0	0	0	0	0	31
EC958_3258	EC958_3258	EC958_3258	protein_coding	0	0	0	28	0	0	0	0	0	0	0	0	28
EC958_3260	EC958_3260	EC958_3260	protein_coding	0	0	0	1	1	0	0	0	0	0	0	0	0
EC958_3261	EC958_3261	EC958_3261	protein_coding	0	0	0	1	0	0	0	0	0	0	0	0	1
EC958_3263	EC958_3263	EC958_3263	protein_coding	0	0	0	1	1	0	0	0	0	0	0	0	0
EC958_3264	EC958_3264	EC958_3264	protein_coding	0	0	0	1	1	0	0	0	0	0	0	0	0
EC958_3265	EC958_3265	EC958_3265	protein_coding	0	0	0	2	1	0	0	0	0	0	0	0	1
EC958_3266	EC958_3266	EC958_3266	protein_coding	0	0	0	2	1	0	0	0	0	0	0	0	1
EC958_3267	EC958_3267	EC958_3267	protein_coding	0	0	0	2	1	0	0	0	0	0	0	0	1
EC958_3268	EC958_3268	EC958_3268	protein_coding	0	0	0	4	3	0	0	0	0	0	0	0	1
EC958_3269	EC958_3269	EC958_3269	protein_coding	0	0	0	5	4	0	0	0	0	0	0	0	1
EC958_3277	EC958_3277	EC958_3277	protein_coding	0	0	0	3	3	0	0	0	0	0	0	0	0
EC958_3306	EC958_3306	EC958_3306	protein_coding	0	0	0	17	17	0	0	0	0	0	0	0	0
EC958_3307	EC958_3307	EC958_3307	protein_coding	0	0	0	26	0	0	0	0	0	0	0	0	26
EC958_3308	EC958_3308	EC958_3308	protein_coding	0	0	0	27	27	0	0	0	0	0	0	0	0
EC958_3309	EC958_3309	EC958_3309	protein_coding	0	0	0	45	45	0	0	0	0	0	0	0	0
EC958_3311	EC958_3311	EC958_3311	protein_coding	0	0	0	53	27	0	0	0	0	0	0	0	26
EC958_3313	EC958_3313	EC958_3313	protein_coding	0	0	0	53	13	0	0	0	0	0	0	0	40
EC958_3315	EC958_3315	EC958_3315	protein_coding	0	1	3	26	0	3	0	0	0	0	0	1	26
EC958_3316	EC958_3316	EC958_3316	protein_coding	0	0	0	12	0	0	0	0	0	0	0	0	12
EC958_3317	EC958_3317	EC958_3317	protein_coding	0	0	0	9	9	0	0	0	0	0	0	0	0
EC958_3319	EC958_3319	EC958_3319	protein_coding	0	0	0	5	1	0	0	0	0	0	0	0	4
EC958_3320	EC958_3320	EC958_3320	protein_coding	0	0	0	5	1	0	0	0	0	0	0	0	4
EC958_3321	EC958_3321	EC958_3321	protein_coding	0	0	0	5	1	0	0	0	0	0	0	0	4
EC958_3322	EC958_3322	EC958_3322	protein_coding	0	0	0	5	1	0	0	0	0	0	0	0	4
EC958_3323	EC958_3323	EC958_3323	protein_coding	0	0	0	5	1	0	0	0	0	0	0	0	4
EC958_3324	EC958_3324	EC958_3324	protein_coding	0	0	0	3	1	0	0	0	0	0	0	0	2
EC958_3325	EC958_3325	EC958_3325	protein_coding	0	0	0	2	1	0	0	0	0	0	0	0	1
EC958_3326	EC958_3326	EC958_3326	protein_coding	0	0	0	1	1	0	0	0	0	0	0	0	0
EC958_3327	EC958_3327	EC958_3327	protein_coding	0	0	0	2	2	0	0	0	0	0	0	0	0
EC958_3328	EC958_3328	EC958_3328	protein_coding	0	0	1	2	2	1	0	0	0	0	0	0	0
EC958_3329	EC958_3329	EC958_3329	protein_coding	0	0	0	8	7	0	0	0	0	0	0	0	1
EC958_3330	EC958_3330	EC958_3330	protein_coding	0	0	0	8	7	0	0	0	0	0	0	0	1
EC958_3331	EC958_3331	EC958_3331	protein_coding	0	0	0	20	19	0	0	0	0	0	0	0	1
EC958_3332	EC958_3332	EC958_3332	protein_coding	0	0	0	66	65	0	0	0	0	0	0	0	1
EC958_3339	EC958_3339	EC958_3339	protein_coding	0	0	0	187	187	0	0	0	0	0	0	0	0
EC958_3340	EC958_3340	EC958_3340	protein_coding	0	0	0	241	149	0	0	0	0	0	0	0	92
EC958_3341	EC958_3341	EC958_3341	protein_coding	0	0	0	245	66	0	0	0	0	0	0	0	179
EC958_3358	EC958_3358	EC958_3358	protein_coding	0	0	0	74	74	0	0	0	0	0	0	0	0
EC958_3359	EC958_3359	EC958_3359	protein_coding	0	0	0	74	0	0	0	0	0	0	0	0	74
EC958_3363	EC958_3363	EC958_3363	protein_coding	0	4	1	123	74	1	0	0	0	0	0	4	49
EC958_3364	EC958_3364	EC958_3364	protein_coding	0	10	1	97	46	1	1	0	0	0	1	9	51
EC958_3367	EC958_3367	EC958_3367	protein_coding	0	8	1	141	45	1	0	0	0	0	0	8	96
EC958_3368	EC958_3368	EC958_3368	protein_coding	0	26	4	169	123	4	0	0	0	0	0	26	46
EC958_3369	EC958_3369	EC958_3369	protein_coding	0	12	4	221	175	4	0	0	0	0	0	12	46
EC958_3370	EC958_3370	EC958_3370	protein_coding	0	0	0	239	182	0	0	0	0	0	0	0	57
EC958_3371	EC958_3371	EC958_3371	protein_coding	0	28	8	234	177	8	0	0	0	0	0	28	57
EC958_3372	EC958_3372	EC958_3372	protein_coding	0	23	5	260	88	5	0	0	0	0	0	23	172
EC958_3373	EC958_3373	EC958_3373	protein_coding	0	20	3	288	111	3	0	0	0	0	0	20	177
EC958_3374	EC958_3374	EC958_3374	protein_coding	0	15	5	283	114	5	0	0	0	0	0	15	169
EC958_3375	EC958_3375	EC958_3375	protein_coding	1	49	17	259	127	17	2	0	0	1	1	48	132
EC958_3382	EC958_3382	EC958_3382	protein_coding	0	10	2	233	132	2	0	0	0	0	0	10	101
EC958_3391	EC958_3391	EC958_3391	protein_coding	0	3	1	117	101	1	0	0	0	0	0	3	16
EC958_3392	EC958_3392	EC958_3392	protein_coding	0	0	0	94	16	0	0	0	0	0	0	0	78
EC958_3394	EC958_3394	EC958_3394	protein_coding	0	7	1	76	67	1	0	0	0	0	0	7	9
EC958_3407	EC958_3407	EC958_3407	protein_coding	0	0	0	36	1	0	0	0	0	0	0	0	35
EC958_3408	EC958_3408	EC958_3408	protein_coding	0	11	0	29	28	0	0	0	0	0	0	11	1
EC958_3409	EC958_3409	EC958_3409	protein_coding	0	2	0	38	26	0	0	0	0	0	0	2	12
EC958_3410	EC958_3410	EC958_3410	protein_coding	0	1	1	37	24	1	0	0	0	0	0	1	13
EC958_3411	EC958_3411	EC958_3411	protein_coding	0	12	6	21	5	6	0	0	0	0	0	12	16
EC958_3412	EC958_3412	EC958_3412	protein_coding	0	3	1	35	0	1	0	0	0	0	0	3	35
EC958_3413	EC958_3413	EC958_3413	protein_coding	0	0	0	29	1	0	0	0	0	0	0	0	28
EC958_3418	EC958_3418	EC958_3418	protein_coding	0	1	1	14	3	1	0	0	0	0	0	1	11
EC958_3423	EC958_3423	EC958_3423	protein_coding	0	0	0	19	12	0	0	0	0	0	0	0	7
EC958_3424	EC958_3424	EC958_3424	protein_coding	0	0	0	19	11	0	0	0	0	0	0	0	8
EC958_3427	EC958_3427	EC958_3427	protein_coding	0	1	0	14	7	0	0	0	0	0	0	1	7
EC958_3428	EC958_3428	EC958_3428	protein_coding	0	1	1	13	8	1	0	0	0	0	0	1	5
EC958_3429	EC958_3429	EC958_3429	protein_coding	0	2	0	12	9	0	0	0	0	0	0	2	3
EC958_3430	EC958_3430	EC958_3430	protein_coding	0	1	1	8	7	1	0	0	0	0	0	1	1
EC958_3431	EC958_3431	EC958_3431	protein_coding	0	1	0	9	9	0	0	0	0	0	0	1	0
EC958_3432	EC958_3432	EC958_3432	protein_coding	0	0	0	8	0	0	0	0	0	0	0	0	8
EC958_3488	EC958_3488	EC958_3488	protein_coding	0	0	0	2	1	0	0	0	0	0	0	0	1
EC958_3489	EC958_3489	EC958_3489	protein_coding	0	0	0	2	1	0	0	0	0	0	0	0	1
EC958_3794	EC958_3794	EC958_3794	protein_coding	0	0	0	1	0	0	0	0	0	0	0	0	1
EC958_3795	EC958_3795	EC958_3795	protein_coding	0	0	0	2	2	0	0	0	0	0	0	0	0
EC958_4337	EC958_4337	EC958_4337	protein_coding	0	0	0	1	1	0	0	0	0	0	0	0	0
EC958_4338	EC958_4338	EC958_4338	protein_coding	0	0	1	0	0	1	0	0	0	0	0	0	0
EC958_4340	EC958_4340	EC958_4340	protein_coding	0	0	0	1	1	0	0	0	0	0	0	0	0
EC958_4342	EC958_4342	EC958_4342	protein_coding	0	0	0	2	1	0	0	0	0	0	0	0	1
EC958_4695	EC958_4695	EC958_4695	protein_coding	0	0	0	5	0	0	0	0	0	0	0	0	5
EC958_4696	EC958_4696	EC958_4696	protein_coding	0	0	0	20	0	0	0	0	0	0	0	0	20
EC958_4697	EC958_4697	EC958_4697	protein_coding	0	0	0	23	0	0	0	0	0	0	0	0	23
EC958_4698	EC958_4698	EC958_4698	protein_coding	0	0	0	27	0	0	0	0	0	0	0	0	27
EC958_4699	EC958_4699	EC958_4699	protein_coding	0	0	0	41	0	0	0	0	0	0	0	0	41
EC958_4700	EC958_4700	EC958_4700	protein_coding	0	1	0	50	50	0	0	0	0	0	0	1	0
EC958_4720	EC958_4720	EC958_4720	protein_coding	0	4	1	106	39	1	0	0	0	0	0	4	67
EC958_4725	EC958_4725	EC958_4725	protein_coding	0	7	1	131	67	1	0	0	0	0	0	7	64
EC958_4728	EC958_4728	EC958_4728	protein_coding	0	19	1	109	59	1	0	0	0	0	0	19	50
EC958_4735	EC958_4735	EC958_4735	protein_coding	0	0	1	98	65	1	0	0	0	0	0	0	33
EC958_4740	EC958_4740	EC958_4740	protein_coding	0	0	0	65	65	0	0	0	0	0	0	0	0
EC958_4741	EC958_4741	EC958_4741	protein_coding	0	0	0	65	65	0	0	0	0	0	0	0	0
EC958_4742	EC958_4742	EC958_4742	protein_coding	0	0	0	65	60	0	0	0	0	0	0	0	5
EC958_4743	EC958_4743	EC958_4743	protein_coding	0	0	0	68	56	0	0	0	0	0	0	0	12
EC958_4744	EC958_4744	EC958_4744	protein_coding	0	0	0	44	12	0	0	0	0	0	0	0	32
EC958_4746	EC958_4746	EC958_4746	protein_coding	0	0	0	41	18	0	0	0	0	0	0	0	23
EC958_4750	EC958_4750	EC958_4750	protein_coding	0	4	0	37	8	0	0	0	0	0	0	4	29
EC958_4760	EC958_4760	EC958_4760	protein_coding	1	0	1	39	34	1	0	0	1	0	0	0	5
EC958_4761	EC958_4761	EC958_4761	protein_coding	0	0	1	40	0	1	0	0	0	0	0	0	40
EC958_4762	EC958_4762	EC958_4762	protein_coding	0	0	0	41	41	0	0	0	0	0	0	0	0
EC958_4763	EC958_4763	EC958_4763	protein_coding	0	0	0	41	41	0	0	0	0	0	0	0	0
EC958_4764	EC958_4764	EC958_4764	protein_coding	0	0	0	49	11	0	0	0	0	0	0	0	38
EC958_4765	EC958_4765	EC958_4765	protein_coding	0	0	0	56	20	0	0	0	0	0	0	0	36
EC958_4766	EC958_4766	EC958_4766	protein_coding	0	0	0	31	20	0	0	0	0	0	0	0	11
EC958_4767	EC958_4767	EC958_4767	protein_coding	0	2	3	17	17	3	0	0	0	0	0	2	0
EC958_4768	EC958_4768	EC958_4768	protein_coding	0	0	0	30	20	0	0	0	0	0	0	0	10
EC958_4769	EC958_4769	EC958_4769	protein_coding	0	3	3	63	53	3	0	0	0	0	0	3	10
EC958_4770	EC958_4770	EC958_4770	protein_coding	0	0	0	75	16	0	0	0	0	0	0	0	59
EC958_4771	EC958_4771	EC958_4771	protein_coding	0	20	11	51	17	11	0	0	0	0	0	20	34
EC958_4772	EC958_4772	EC958_4772	protein_coding	0	17	5	52	41	5	0	0	0	0	0	17	11
EC958_4773	EC958_4773	EC958_4773	protein_coding	0	1	0	65	55	0	0	0	0	0	0	1	10
EC958_4774	EC958_4774	EC958_4774	protein_coding	0	2	0	64	8	0	0	0	0	0	0	2	56
EC958_4775	EC958_4775	EC958_4775	protein_coding	0	0	0	54	54	0	0	0	0	0	0	0	0
EC958_4776	EC958_4776	EC958_4776	protein_coding	0	0	0	46	0	0	0	0	0	0	0	0	46
EC958_4777	EC958_4777	EC958_4777	protein_coding	0	0	0	37	37	0	0	0	0	0	0	0	0
EC958_4778	EC958_4778	EC958_4778	protein_coding	0	0	0	11	11	0	0	0	0	0	0	0	0
EC958_4779	EC958_4779	EC958_4779	protein_coding	0	0	0	10	10	0	0	0	0	0	0	0	0
EC958_4792	EC958_4792	EC958_4792	protein_coding	0	0	0	3	3	0	0	0	0	0	0	0	0
EC958_4793	EC958_4793	EC958_4793	protein_coding	0	0	0	3	0	0	0	0	0	0	0	0	3
EC958_4794	EC958_4794	EC958_4794	protein_coding	0	0	0	3	0	0	0	0	0	0	0	0	3
EC958_4795	EC958_4795	EC958_4795	protein_coding	0	0	0	3	0	0	0	0	0	0	0	0	3
EC958_4797	EC958_4797	EC958_4797	protein_coding	0	0	0	3	2	0	0	0	0	0	0	0	1
EC958_4833	EC958_4833	EC958_4833	protein_coding	0	0	0	1	0	0	0	0	0	0	0	0	1
EC958_4834	EC958_4834	EC958_4834	protein_coding	0	0	0	2	0	0	0	0	0	0	0	0	2
EC958_4835	EC958_4835	EC958_4835	protein_coding	0	1	0	1	0	0	0	0	0	0	0	1	1
EC958_4838	EC958_4838	EC958_4838	protein_coding	0	0	0	75	55	0	0	0	0	0	0	0	20
EC958_4839	EC958_4839	EC958_4839	protein_coding	0	0	0	76	56	0	0	0	0	0	0	0	20
EC958_4840	EC958_4840	EC958_4840	protein_coding	0	0	0	84	64	0	0	0	0	0	0	0	20
EC958_4872	EC958_4872	EC958_4872	protein_coding	0	0	0	19	5	0	0	0	0	0	0	0	14
EC958_4876	EC958_4876	EC958_4876	protein_coding	0	0	0	35	0	0	0	0	0	0	0	0	35
EC958_4877	EC958_4877	EC958_4877	protein_coding	0	0	0	52	0	0	0	0	0	0	0	0	52
EC958_4878	EC958_4878	EC958_4878	protein_coding	0	0	0	53	30	0	0	0	0	0	0	0	23
EC958_4879	EC958_4879	EC958_4879	protein_coding	0	2	2	25	17	2	0	0	0	0	0	2	8
EC958_4883	EC958_4883	EC958_4883	protein_coding	0	2	1	34	13	1	0	0	0	0	0	2	21
EC958_4884	EC958_4884	EC958_4884	protein_coding	0	0	0	64	40	0	0	0	0	0	0	0	24
EC958_4885	EC958_4885	EC958_4885	protein_coding	0	0	0	83	60	0	0	0	0	0	0	0	23
EC958_4886	EC958_4886	EC958_4886	protein_coding	0	0	0	89	66	0	0	0	0	0	0	0	23
EC958_4887	EC958_4887	EC958_4887	protein_coding	0	0	0	98	75	0	0	0	0	0	0	0	23
EC958_4888	EC958_4888	EC958_4888	protein_coding	0	0	0	100	23	0	0	0	0	0	0	0	77
EC958_4889	EC958_4889	EC958_4889	protein_coding	0	0	0	137	22	0	0	0	0	0	0	0	115
EC958_4891	EC958_4891	EC958_4891	protein_coding	0	3	0	217	151	0	0	0	0	0	0	3	66
EC958_4892	EC958_4892	EC958_4892	protein_coding	0	1	0	161	16	0	0	0	0	0	0	1	145
EC958_4894	EC958_4894	EC958_4894	protein_coding	0	0	0	10	3	0	0	0	0	0	0	0	7
EC958_4895	EC958_4895	EC958_4895	protein_coding	0	0	0	3	0	0	0	0	0	0	0	0	3
EC958_4909	EC958_4909	EC958_4909	protein_coding	0	0	0	6	6	0	0	0	0	0	0	0	0
EC958_4910	EC958_4910	EC958_4910	protein_coding	0	0	0	6	6	0	0	0	0	0	0	0	0
EC958_4911	EC958_4911	EC958_4911	protein_coding	0	0	0	6	6	0	0	0	0	0	0	0	0
EC958_4912	EC958_4912	EC958_4912	protein_coding	0	0	0	4	4	0	0	0	0	0	0	0	0
EC958_4913	EC958_4913	EC958_4913	protein_coding	0	0	0	4	4	0	0	0	0	0	0	0	0
EC958_4914	EC958_4914	EC958_4914	protein_coding	0	0	0	4	4	0	0	0	0	0	0	0	0
EC958_4918	EC958_4918	EC958_4918	protein_coding	0	0	0	5	5	0	0	0	0	0	0	0	0
EC958_4919	EC958_4919	EC958_4919	protein_coding	0	0	0	16	11	0	0	0	0	0	0	0	5
EC958_4920	EC958_4920	EC958_4920	protein_coding	0	0	0	12	12	0	0	0	0	0	0	0	0
EC958_4921	EC958_4921	EC958_4921	protein_coding	0	0	0	9	0	0	0	0	0	0	0	0	9
EC958_4922	EC958_4922	EC958_4922	protein_coding	0	0	0	6	0	0	0	0	0	0	0	0	6
EC958_4923	EC958_4923	EC958_4923	protein_coding	0	0	0	2	0	0	0	0	0	0	0	0	2
EC958_4924	EC958_4924	EC958_4924	protein_coding	0	0	0	2	2	0	0	0	0	0	0	0	0
EC958_4938	EC958_4938	EC958_4938	protein_coding	0	0	0	1	1	0	0	0	0	0	0	0	0
EC958_4939	EC958_4939	EC958_4939	protein_coding	0	0	0	1	0	0	0	0	0	0	0	0	1
EC958_4940	EC958_4940	EC958_4940	protein_coding	0	0	0	2	0	0	0	0	0	0	0	0	2
EC958_4941	EC958_4941	EC958_4941	protein_coding	0	0	0	2	2	0	0	0	0	0	0	0	0
EC958_4942	EC958_4942	EC958_4942	protein_coding	0	0	0	1	0	0	0	0	0	0	0	0	1
EC958_4943	EC958_4943	EC958_4943	protein_coding	0	0	0	1	1	0	0	0	0	0	0	0	0
EC958_4944	EC958_4944	EC958_4944	protein_coding	0	0	0	1	0	0	0	0	0	0	0	0	1
EC958_4974	EC958_4974	EC958_4974	protein_coding	0	0	0	2	1	0	0	0	0	0	0	0	1
EC958_4975	EC958_4975	EC958_4975	protein_coding	0	0	0	2	1	0	0	0	0	0	0	0	1
EC958_4976	EC958_4976	EC958_4976	protein_coding	0	0	0	2	1	0	0	0	0	0	0	0	1
EC958_4977	EC958_4977	EC958_4977	protein_coding	0	0	0	1	0	0	0	0	0	0	0	0	1
EC958_4978	EC958_4978	EC958_4978	protein_coding	0	0	0	1	0	0	0	0	0	0	0	0	1
EC958_4979	EC958_4979	EC958_4979	protein_coding	0	0	0	1	0	0	0	0	0	0	0	0	1
EC958_5054	EC958_5054	EC958_5054	protein_coding	0	0	0	65	16	0	0	0	0	0	0	0	49
EC958_5062	EC958_5062	EC958_5062	protein_coding	0	0	0	1	0	0	0	0	0	0	0	0	1
EC958_5063	EC958_5063	EC958_5063	protein_coding	0	0	0	1	0	0	0	0	0	0	0	0	1
EC958_5066	EC958_5066	EC958_5066	protein_coding	0	0	0	21	0	0	0	0	0	0	0	0	21
EC958_5067	EC958_5067	EC958_5067	protein_coding	0	0	0	27	0	0	0	0	0	0	0	0	27
EC958_5068	EC958_5068	EC958_5068	protein_coding	0	0	0	45	45	0	0	0	0	0	0	0	0
EC958_5069	EC958_5069	EC958_5069	protein_coding	0	0	0	19	12	0	0	0	0	0	0	0	7
EC958_5084	EC958_5084	EC958_5084	protein_coding	0	0	0	1	1	0	0	0	0	0	0	0	0
EC958_5124	EC958_5124	EC958_5124	protein_coding	0	0	0	28	26	0	0	0	0	0	0	0	2
EC958_5130	EC958_5130	EC958_5130	protein_coding	0	1	1	1	0	1	0	0	0	0	0	1	1
EC958_5131	EC958_5131	EC958_5131	protein_coding	0	0	0	3	2	0	0	0	0	0	0	0	1
EC958_5132	EC958_5132	EC958_5132	protein_coding	0	0	0	3	3	0	0	0	0	0	0	0	0
EC958_5133	EC958_5133	EC958_5133	protein_coding	0	0	0	3	0	0	0	0	0	0	0	0	3
EC958_5134	EC958_5134	EC958_5134	protein_coding	0	0	0	3	0	0	0	0	0	0	0	0	3
EC958_5135	EC958_5135	EC958_5135	protein_coding	0	0	0	3	3	0	0	0	0	0	0	0	0
EC958_5136	EC958_5136	EC958_5136	protein_coding	0	0	0	1	0	0	0	0	0	0	0	0	1
EC958_5146	EC958_5146	EC958_5146	protein_coding	0	0	0	20	0	0	0	0	0	0	0	0	20
EC958_5147	EC958_5147	EC958_5147	protein_coding	0	0	0	139	83	0	0	0	0	0	0	0	56
EC958_5148	EC958_5148	EC958_5148	protein_coding	0	0	0	148	83	0	0	0	0	0	0	0	65
EC958_5149	EC958_5149	EC958_5149	protein_coding	0	9	10	124	79	10	0	0	0	0	0	9	45
EC958_5161	EC958_5161	EC958_5161	protein_coding	0	0	0	7	5	0	0	0	0	0	0	0	2
EC958_5163	EC958_5163	EC958_5163	protein_coding	0	0	0	5	0	0	0	0	0	0	0	0	5
EC958_5164	EC958_5164	EC958_5164	protein_coding	0	0	0	2	0	0	0	0	0	0	0	0	2
EC958_5178	EC958_5178	EC958_5178	protein_coding	0	0	0	4	3	0	0	0	0	0	0	0	1
EC958_5189	EC958_5189	EC958_5189	protein_coding	1	7	5	28	19	5	0	0	1	0	0	7	9
EC958_5190	EC958_5190	EC958_5190	protein_coding	0	4	4	33	11	4	0	0	0	0	0	4	22
EC958_5192	EC958_5192	EC958_5192	protein_coding	0	2	0	108	7	0	0	0	0	0	0	2	101
EC958_5194	EC958_5194	EC958_5194	protein_coding	0	0	0	3	0	0	0	0	0	0	0	0	3
EC958_5205	EC958_5205	EC958_5205	protein_coding	0	0	0	207	0	0	0	0	0	0	0	0	207
EC958_5211	EC958_5211	EC958_5211	protein_coding	0	0	0	2	2	0	0	0	0	0	0	0	0
acnA	EC958_1608	EC958_1608	protein_coding	0	0	0	1	1	0	0	0	0	0	0	0	0
ansB	EC958_3246	EC958_3246	protein_coding	0	22	1	77	39	1	0	0	0	0	0	22	38
araF	EC958_2120	EC958_2120	protein_coding	0	0	0	1	1	0	0	0	0	0	0	0	0
araG	EC958_2119	EC958_2119	protein_coding	0	1	0	0	0	0	0	0	0	0	0	1	0
araH	EC958_2118	EC958_2118	protein_coding	0	0	0	1	0	0	0	0	0	0	0	0	1
arcA	EC958_0132	EC958_0132	protein_coding	0	0	0	1	1	0	0	0	0	0	0	0	0
argI	EC958_4748	EC958_4748	protein_coding	0	4	1	37	1	1	0	0	0	0	0	4	36
aroA	EC958_1064	EC958_1064	protein_coding	0	0	0	4	4	0	0	0	0	0	0	0	0
bglA	EC958_3183	EC958_3183	protein_coding	0	0	0	1	1	0	0	0	0	0	0	0	0
bglJ	EC958_0096	EC958_0096	protein_coding	0	8	3	99	29	3	0	0	0	0	0	8	70
bioH	EC958_3806	EC958_3806	protein_coding	0	0	0	1	1	0	0	0	0	0	0	0	0
cheA	EC958_2110	EC958_2110	protein_coding	0	0	0	1	1	0	0	0	0	0	0	0	0
cheB	EC958_2105	EC958_2105	protein_coding	0	1	0	0	0	0	0	0	0	0	0	1	0
cheR	EC958_2106	EC958_2106	protein_coding	0	0	0	1	1	0	0	0	0	0	0	0	0
cheW	EC958_2109	EC958_2109	protein_coding	0	0	0	1	1	0	0	0	0	0	0	0	0
cheY	EC958_2104	EC958_2104	protein_coding	0	0	0	1	0	0	0	0	0	0	0	0	1
cheZ	EC958_2103	EC958_2103	protein_coding	0	0	0	1	0	0	0	0	0	0	0	0	1
chpA	EC958_4719	EC958_4719	protein_coding	0	0	0	111	70	0	0	0	0	0	0	0	41
chpR	EC958_4718	EC958_4718	protein_coding	0	0	0	109	63	0	0	0	0	0	0	0	46
cmtA	EC958_3216	EC958_3216	protein_coding	0	2	2	34	16	2	0	0	0	0	0	2	18
cmtB	EC958_3217	EC958_3217	protein_coding	0	1	1	36	20	1	0	0	0	0	0	1	16
codA	EC958_0485	EC958_0485	protein_coding	0	0	0	1	0	0	0	0	0	0	0	0	1
codB	EC958_0484	EC958_0484	protein_coding	0	0	0	1	0	0	0	0	0	0	0	0	1
cpdB	EC958_4708	EC958_4708	protein_coding	0	7	0	87	50	0	0	0	0	0	0	7	37
creA	EC958_0128	EC958_0128	protein_coding	0	1	0	0	0	0	0	0	0	0	0	1	0
creB	EC958_0129	EC958_0129	protein_coding	0	0	0	1	0	0	0	0	0	0	0	0	1
creC	EC958_0130	EC958_0130	protein_coding	0	0	0	1	0	0	0	0	0	0	0	0	1
creD	EC958_0131	EC958_0131	protein_coding	0	0	0	1	0	0	0	0	0	0	0	0	1
cybC	EC958_4729	EC958_4729	protein_coding	0	3	0	116	63	0	0	0	0	0	0	3	53
cycA	EC958_4703	EC958_4703	protein_coding	0	7	0	68	48	0	0	0	0	0	0	7	20
cysQ	EC958_4709	EC958_4709	protein_coding	0	3	0	83	44	0	0	0	0	0	0	3	39
deoA	EC958_0112	EC958_0112	protein_coding	0	1	0	56	6	0	0	0	0	0	0	1	50
deoB	EC958_0113	EC958_0113	protein_coding	0	3	0	30	2	0	0	0	0	0	0	3	28
deoC	EC958_0111	EC958_0111	protein_coding	0	1	0	71	5	0	0	0	0	0	0	1	66
deoD	EC958_0114	EC958_0114	protein_coding	0	0	0	14	4	0	0	0	0	0	0	0	10
dkgA	EC958_3404	EC958_3404	protein_coding	0	0	0	13	12	0	0	0	0	0	0	0	1
dksA	EC958_0288	EC958_0288	protein_coding	0	0	0	1	0	0	0	0	0	0	0	0	1
dnaC	EC958_0091	EC958_0091	protein_coding	0	5	0	138	57	0	0	0	0	0	0	5	81
dnaT	EC958_0092	EC958_0092	protein_coding	0	5	2	135	61	2	0	0	0	0	0	5	74
dsbA	EC958_4336	EC958_4336	protein_coding	0	0	0	1	1	0	0	0	0	0	0	0	0
ebgC	EC958_3483	EC958_3483	protein_coding	0	0	0	1	1	0	0	0	0	0	0	0	0
endA	EC958_3231	EC958_3231	protein_coding	0	12	2	116	54	2	0	0	0	0	0	12	62
envZ	EC958_3798	EC958_3798	protein_coding	0	2	0	0	0	0	0	0	0	0	0	2	0
exbB	EC958_3399	EC958_3399	protein_coding	0	1	0	17	17	0	0	0	0	0	0	1	0
exbD	EC958_3398	EC958_3398	protein_coding	0	0	0	19	18	0	0	0	0	0	0	0	1
fabI	EC958_1622	EC958_1622	protein_coding	0	0	0	1	1	0	0	0	0	0	0	0	0
feoA	EC958_3802	EC958_3802	protein_coding	0	0	0	3	1	0	0	0	0	0	0	0	2
feoB	EC958_3803	EC958_3803	protein_coding	0	1	0	2	0	0	0	0	0	0	0	1	2
fhuF	EC958_0097	EC958_0097	protein_coding	0	11	4	102	76	4	0	0	0	0	0	11	26
fimA	EC958_0045	EC958_0045	protein_coding	0	8	4	131	69	4	0	0	0	0	0	8	62
fimB'	EC958_0040	EC958_0040	protein_coding	0	4	0	144	42	0	0	0	0	0	0	4	102
fimB'	EC958_0043	EC958_0043	protein_coding	0	4	1	146	75	1	0	0	0	0	0	4	71
fimC	EC958_0047	EC958_0047	protein_coding	0	8	1	113	71	1	0	0	0	0	0	8	42
fimD	EC958_0048	EC958_0048	protein_coding	0	33	8	86	34	8	0	0	0	0	0	33	52
fimE	EC958_0044	EC958_0044	protein_coding	0	8	0	141	76	0	0	0	0	0	0	8	65
fimF	EC958_0049	EC958_0049	protein_coding	0	6	3	102	26	3	0	0	0	0	0	6	76
fimG	EC958_0050	EC958_0050	protein_coding	0	1	2	111	32	2	0	0	0	0	0	1	79
fimH	EC958_0051	EC958_0051	protein_coding	0	12	2	86	17	2	0	0	0	0	0	12	69
fimI	EC958_0046	EC958_0046	protein_coding	1	4	4	120	76	4	0	1	0	0	0	4	44
fklB	EC958_4702	EC958_4702	protein_coding	0	5	0	62	48	0	0	0	0	0	0	5	14
flhA	EC958_2101	EC958_2101	protein_coding	0	0	0	1	0	0	0	0	0	0	0	0	1
flhB	EC958_2102	EC958_2102	protein_coding	0	0	0	1	0	0	0	0	0	0	0	0	1
flhE	EC958_2100	EC958_2100	protein_coding	0	0	0	1	0	0	0	0	0	0	0	0	1
flu	EC958_3314	EC958_3314	protein_coding	0	5	3	49	4	3	0	0	0	0	0	5	45
ftnA	EC958_2125	EC958_2125	protein_coding	0	0	0	1	0	0	0	0	0	0	0	0	1
galP	EC958_3229	EC958_3229	protein_coding	0	16	0	113	68	0	0	0	0	0	0	16	45
gamW	EC958_1342	EC958_1342	protein_coding	0	1	3	81	5	3	0	0	0	0	0	1	76
gcvH	EC958_3185	EC958_3185	protein_coding	0	0	0	1	1	0	0	0	0	0	0	0	0
gcvP	EC958_3184	EC958_3184	protein_coding	0	1	0	0	0	0	0	0	0	0	0	1	0
gcvT	EC958_3186	EC958_3186	protein_coding	0	0	0	2	1	0	0	0	0	0	0	0	1
glcA	EC958_3360	EC958_3360	protein_coding	0	37	2	51	1	2	0	0	0	0	0	37	50
glcB	EC958_3361	EC958_3361	protein_coding	0	20	8	90	41	8	0	0	0	0	0	20	49
glcC	EC958_3366	EC958_3366	protein_coding	0	1	1	131	76	1	0	0	0	0	0	1	55
glcD	EC958_3365	EC958_3365	protein_coding	0	22	3	102	49	3	0	0	0	0	0	22	53
glcG	EC958_3362	EC958_3362	protein_coding	0	4	0	115	70	0	0	0	0	0	0	4	45
glnA	EC958_4348	EC958_4348	protein_coding	0	0	0	1	1	0	0	0	0	0	0	0	0
glnG	EC958_4346	EC958_4346	protein_coding	0	0	0	1	1	0	0	0	0	0	0	0	0
glnL	EC958_4347	EC958_4347	protein_coding	0	0	0	1	1	0	0	0	0	0	0	0	0
glpR	EC958_3815	EC958_3815	protein_coding	0	0	0	1	1	0	0	0	0	0	0	0	0
gntT	EC958_3809	EC958_3809	protein_coding	0	0	0	2	1	0	0	0	0	0	0	0	1
gpmB	EC958_0126	EC958_0126	protein_coding	0	0	0	1	1	0	0	0	0	0	0	0	0
greB	EC958_3800	EC958_3800	protein_coding	0	0	0	3	1	0	0	0	0	0	0	0	2
gshB	EC958_3233	EC958_3233	protein_coding	0	10	2	134	52	2	0	0	0	0	0	10	82
gspE	EC958_3352	EC958_3352	protein_coding	0	0	0	57	57	0	0	0	0	0	0	0	0
gspF	EC958_3351	EC958_3351	protein_coding	0	0	0	108	108	0	0	0	0	0	0	0	0
gspG	EC958_3350	EC958_3350	protein_coding	0	0	0	108	108	0	0	0	0	0	0	0	0
gspH	EC958_3349	EC958_3349	protein_coding	0	0	0	119	119	0	0	0	0	0	0	0	0
gspI	EC958_3348	EC958_3348	protein_coding	0	0	0	159	159	0	0	0	0	0	0	0	0
gspJ	EC958_3347	EC958_3347	protein_coding	0	0	0	206	206	0	0	0	0	0	0	0	0
gspK	EC958_3346	EC958_3346	protein_coding	0	14	2	191	191	2	0	0	0	0	0	14	0
gspL	EC958_3345	EC958_3345	protein_coding	0	32	25	150	134	25	0	0	0	0	0	32	16
gspM	EC958_3344	EC958_3344	protein_coding	0	23	12	172	99	12	0	0	0	0	0	23	73
hemN	EC958_4345	EC958_4345	protein_coding	0	1	0	0	0	0	0	0	0	0	0	1	0
himD	EC958_1122	EC958_1122	protein_coding	0	0	0	5	0	0	0	0	0	0	0	0	5
holC	EC958_4753	EC958_4753	protein_coding	0	0	0	35	34	0	0	0	0	0	0	0	1
holD	EC958_0100	EC958_0100	protein_coding	0	0	0	105	59	0	0	0	0	0	0	0	46
hrpB	EC958_0291	EC958_0291	protein_coding	0	0	1	0	0	1	0	0	0	0	0	0	0
hybA	EC958_3390	EC958_3390	protein_coding	0	8	3	130	110	3	0	0	0	0	0	8	20
hybB	EC958_3389	EC958_3389	protein_coding	0	25	1	123	94	1	0	0	0	0	0	25	29
hybC	EC958_3388	EC958_3388	protein_coding	0	37	0	121	71	0	0	0	0	0	0	37	50
hybD	EC958_3387	EC958_3387	protein_coding	0	3	0	169	91	0	0	0	0	0	0	3	78
hybE	EC958_3386	EC958_3386	protein_coding	0	20	2	164	84	2	0	0	0	0	0	20	80
hybF	EC958_3385	EC958_3385	protein_coding	0	4	1	188	87	1	0	0	0	0	0	4	101
hybG	EC958_3384	EC958_3384	protein_coding	0	4	0	191	88	0	0	0	0	0	0	4	103
iadA	EC958_0061	EC958_0061	protein_coding	0	8	1	78	36	1	0	0	0	0	0	8	42
icdA	EC958_1333	EC958_1333	protein_coding	0	0	0	9	9	0	0	0	0	0	0	0	0
iciA	EC958_3196	EC958_3196	protein_coding	0	0	0	22	19	0	0	0	0	0	0	0	3
idnT	EC958_0019	EC958_0019	protein_coding	0	7	0	33	19	0	0	0	0	0	0	7	14
insA	EC958_5058	EC958_5058	protein_coding	0	0	0	24	1	0	0	0	0	0	0	0	23
insA	EC958_5061	EC958_5061	protein_coding	0	0	0	1	0	0	0	0	0	0	0	0	1
insA	EC958_5221	EC958_5221	protein_coding	0	0	0	1	1	0	0	0	0	0	0	0	0
insB	EC958_4791	EC958_4791	protein_coding	0	0	0	2	2	0	0	0	0	0	0	0	0
insB	EC958_5059	EC958_5059	protein_coding	0	0	0	23	1	0	0	0	0	0	0	0	22
insB	EC958_5060	EC958_5060	protein_coding	0	0	0	1	0	0	0	0	0	0	0	0	1
insI	EC958_3280	EC958_3280	protein_coding	0	0	0	1	0	0	0	0	0	0	0	0	1
ispZ	EC958_1529	EC958_1529	protein_coding	0	0	0	6	0	0	0	0	0	0	0	0	6
iucA	EC958_3271	EC958_3271	protein_coding	0	0	0	6	5	0	0	0	0	0	0	0	1
iucB	EC958_3272	EC958_3272	protein_coding	0	2	1	4	3	1	0	0	0	0	0	2	1
iucC	EC958_3273	EC958_3273	protein_coding	0	0	1	7	3	1	0	0	0	0	0	0	4
iucD	EC958_3274	EC958_3274	protein_coding	0	1	0	7	2	0	0	0	0	0	0	1	5
iutA	EC958_3275	EC958_3275	protein_coding	0	1	0	6	1	0	0	0	0	0	0	1	5
kpsC	EC958_3337	EC958_3337	protein_coding	0	62	16	125	41	16	0	0	0	0	0	62	84
kpsD	EC958_3335	EC958_3335	protein_coding	0	23	2	178	169	2	0	0	0	0	0	23	9
kpsE	EC958_3334	EC958_3334	protein_coding	0	2	0	184	177	0	0	0	0	0	0	2	7
kpsF	EC958_3333	EC958_3333	protein_coding	0	5	1	148	146	1	0	0	0	0	0	5	2
kpsM	EC958_3343	EC958_3343	protein_coding	0	63	12	132	17	12	0	0	0	0	0	63	115
kpsS	EC958_3338	EC958_3338	protein_coding	0	34	5	157	0	5	0	0	0	0	0	34	157
kpsT	EC958_3342	EC958_3342	protein_coding	0	17	0	190	0	0	0	0	0	0	0	17	190
kpsU	EC958_3336	EC958_3336	protein_coding	0	40	9	154	119	9	0	0	0	0	0	40	35
ligT	EC958_0290	EC958_0290	protein_coding	0	0	0	1	0	0	0	0	0	0	0	0	1
lplA	EC958_0116	EC958_0116	protein_coding	0	1	0	9	5	0	0	0	0	0	0	1	4
malP	EC958_3811	EC958_3811	protein_coding	0	1	0	0	0	0	0	0	0	0	0	1	0
malQ	EC958_3810	EC958_3810	protein_coding	0	0	0	1	0	0	0	0	0	0	0	0	1
malT	EC958_3812	EC958_3812	protein_coding	0	0	0	1	0	0	0	0	0	0	0	0	1
mdaB	EC958_3425	EC958_3425	protein_coding	0	0	0	20	9	0	0	0	0	0	0	0	11
mdoB	EC958_0089	EC958_0089	protein_coding	0	24	5	113	41	5	0	0	0	0	0	24	72
metC	EC958_3400	EC958_3400	protein_coding	0	0	0	18	1	0	0	0	0	0	0	0	17
metK	EC958_5057	EC958_5057	protein_coding	0	24	0	84	70	0	0	0	0	0	0	24	14
mgtA	EC958_4736	EC958_4736	protein_coding	0	37	5	54	23	5	0	0	0	0	0	37	31
mltC	EC958_3253	EC958_3253	protein_coding	0	0	0	97	31	0	0	0	0	0	0	0	66
mntR	EC958_0930	EC958_0930	protein_coding	0	0	0	1	1	0	0	0	0	0	0	0	0
mobA	EC958_4333	EC958_4333	protein_coding	0	0	0	1	0	0	0	0	0	0	0	0	1
mobB	EC958_4332	EC958_4332	protein_coding	0	0	0	1	0	0	0	0	0	0	0	0	1
moeA	EC958_0939	EC958_0939	protein_coding	0	0	0	1	1	0	0	0	0	0	0	0	0
moeB	EC958_0938	EC958_0938	protein_coding	0	0	0	1	1	0	0	0	0	0	0	0	0
mrcB	EC958_0292	EC958_0292	protein_coding	0	0	0	1	0	0	0	0	0	0	0	0	1
msrA	EC958_4713	EC958_4713	protein_coding	0	10	1	74	29	1	0	0	0	0	0	10	45
mutY	EC958_3251	EC958_3251	protein_coding	0	12	1	75	10	1	0	0	0	0	0	12	65
nadR	EC958_0120	EC958_0120	protein_coding	0	1	0	4	0	0	0	0	0	0	0	1	4
ninE2	EC958_4880	EC958_4880	protein_coding	0	3	1	21	14	1	0	0	0	0	0	3	7
nohA2	EC958_4890	EC958_4890	protein_coding	0	7	2	165	150	2	0	0	0	0	0	7	15
nrdD	EC958_4731	EC958_4731	protein_coding	0	34	1	96	65	1	0	0	0	0	0	34	31
nrdG	EC958_4730	EC958_4730	protein_coding	0	5	2	114	55	2	0	0	0	0	0	5	59
nupG	EC958_3254	EC958_3254	protein_coding	0	2	0	67	29	0	0	0	0	0	0	2	38
ompR	EC958_3799	EC958_3799	protein_coding	0	0	0	2	2	0	0	0	0	0	0	0	0
ompW	EC958_1531	EC958_1531	protein_coding	0	0	0	6	6	0	0	0	0	0	0	0	0
osmB	EC958_1616	EC958_1616	protein_coding	0	0	0	1	1	0	0	0	0	0	0	0	0
osmY	EC958_0104	EC958_0104	protein_coding	0	9	2	101	70	2	0	0	0	0	0	9	31
otsA	EC958_2116	EC958_2116	protein_coding	0	0	0	1	0	0	0	0	0	0	0	0	1
otsB	EC958_2117	EC958_2117	protein_coding	0	0	0	1	0	0	0	0	0	0	0	0	1
panB	EC958_0277	EC958_0277	protein_coding	0	0	0	1	1	0	0	0	0	0	0	0	0
panC	EC958_0276	EC958_0276	protein_coding	0	0	0	1	1	0	0	0	0	0	0	0	0
panD	EC958_0273	EC958_0273	protein_coding	0	0	0	1	1	0	0	0	0	0	0	0	0
papI	EC958_3262	EC958_3262	protein_coding	0	0	0	1	1	0	0	0	0	0	0	0	0
papX	EC958_3259	EC958_3259	protein_coding	0	0	0	4	3	0	0	0	0	0	0	0	1
parC	EC958_3417	EC958_3417	protein_coding	0	3	0	14	2	0	0	0	0	0	0	3	12
parE	EC958_3433	EC958_3433	protein_coding	0	0	0	3	3	0	0	0	0	0	0	0	0
pckA	EC958_3797	EC958_3797	protein_coding	0	0	0	2	2	0	0	0	0	0	0	0	0
pepA	EC958_4754	EC958_4754	protein_coding	0	1	0	32	29	0	0	0	0	0	0	1	3
pepP	EC958_3189	EC958_3189	protein_coding	0	0	0	3	0	0	0	0	0	0	0	0	3
pgpB	EC958_1610	EC958_1610	protein_coding	0	0	0	1	1	0	0	0	0	0	0	0	0
pitB	EC958_3380	EC958_3380	protein_coding	0	44	2	242	171	2	0	0	0	0	0	44	71
plsC	EC958_3416	EC958_3416	protein_coding	0	0	0	26	17	0	0	0	0	0	0	0	9
polA	EC958_4341	EC958_4341	protein_coding	0	0	0	2	1	0	0	0	0	0	0	0	1
prfC	EC958_0103	EC958_0103	protein_coding	0	22	1	110	78	1	0	0	0	0	0	22	32
prpB	EC958_0480	EC958_0480	protein_coding	0	0	0	2	1	0	0	0	0	0	0	0	1
prpC	EC958_0481	EC958_0481	protein_coding	0	0	0	1	1	0	0	0	0	0	0	0	0
prpD	EC958_0482	EC958_0482	protein_coding	0	1	0	0	0	0	0	0	0	0	0	1	0
prpE	EC958_0483	EC958_0483	protein_coding	0	0	0	1	0	0	0	0	0	0	0	0	1
pyrB	EC958_4739	EC958_4739	protein_coding	0	7	0	66	66	0	0	0	0	0	0	7	0
pyrF	EC958_1614	EC958_1614	protein_coding	0	0	0	1	1	0	0	0	0	0	0	0	0
pyrI	EC958_4738	EC958_4738	protein_coding	0	11	0	65	58	0	0	0	0	0	0	11	7
qseB	EC958_3421	EC958_3421	protein_coding	0	0	0	18	8	0	0	0	0	0	0	0	10
qseC	EC958_3422	EC958_3422	protein_coding	0	4	1	17	7	1	0	0	0	0	0	4	10
radA	EC958_0119	EC958_0119	protein_coding	0	2	0	3	1	0	0	0	0	0	0	2	2
rdoA	EC958_4335	EC958_4335	protein_coding	0	0	0	1	1	0	0	0	0	0	0	0	0
ribA	EC958_1609	EC958_1609	protein_coding	0	0	0	1	0	0	0	0	0	0	0	0	1
rimI	EC958_0101	EC958_0101	protein_coding	0	0	0	110	66	0	0	0	0	0	0	0	44
rpiA	EC958_3194	EC958_3194	protein_coding	0	0	0	18	3	0	0	0	0	0	0	0	15
rpsA	EC958_1121	EC958_1121	protein_coding	0	0	0	9	0	0	0	0	0	0	0	0	9
rtcA	EC958_3813	EC958_3813	protein_coding	0	0	0	1	1	0	0	0	0	0	0	0	0
rtcR	EC958_3814	EC958_3814	protein_coding	0	0	0	1	0	0	0	0	0	0	0	0	1
rusA	EC958_4882	EC958_4882	protein_coding	0	2	2	32	15	2	0	0	0	0	0	2	17
sat	EC958_3278	EC958_3278	protein_coding	0	0	0	3	0	0	0	0	0	0	0	0	3
serA	EC958_3193	EC958_3193	protein_coding	0	1	0	17	2	0	0	0	0	0	0	1	15
serB	EC958_0118	EC958_0118	protein_coding	0	0	0	8	3	0	0	0	0	0	0	0	5
serC	EC958_1063	EC958_1063	protein_coding	0	0	0	2	2	0	0	0	0	0	0	0	0
sfsA	EC958_0289	EC958_0289	protein_coding	0	0	0	1	0	0	0	0	0	0	0	0	1
shiF	EC958_3270	EC958_3270	protein_coding	0	0	1	5	0	1	0	0	0	0	0	0	5
sitA	EC958_5193	EC958_5193	protein_coding	0	2	0	1	0	0	0	0	0	0	0	2	1
sitB	EC958_1391	EC958_1391	protein_coding	0	0	0	10	7	0	0	0	0	0	0	0	3
sitC	EC958_1390	EC958_1390	protein_coding	0	0	0	10	7	0	0	0	0	0	0	0	3
sitD	EC958_1389	EC958_1389	protein_coding	0	0	0	10	7	0	0	0	0	0	0	0	3
smtA	EC958_0032	EC958_0032	protein_coding	0	28	7	63	20	7	0	0	0	0	0	28	43
speA	EC958_5055	EC958_5055	protein_coding	0	14	0	77	11	0	0	0	0	0	0	14	66
speB	EC958_5053	EC958_5053	protein_coding	0	0	0	56	16	0	0	0	0	0	0	0	40
speC	EC958_3255	EC958_3255	protein_coding	0	4	3	43	21	3	0	0	0	0	0	4	22
sprT	EC958_3230	EC958_3230	protein_coding	0	8	1	120	59	1	0	0	0	0	0	8	61
sufI	EC958_3415	EC958_3415	protein_coding	0	0	0	31	26	0	0	0	0	0	0	0	5
tamA	EC958_4715	EC958_4715	protein_coding	0	12	1	77	39	1	0	0	0	0	0	12	38
tamB	EC958_4716	EC958_4716	protein_coding	0	33	6	99	53	6	0	0	0	0	0	33	46
tktA	EC958_3220	EC958_3220	protein_coding	0	6	0	41	22	0	0	0	0	0	0	6	19
tnpA	EC958_5125	EC958_5125	protein_coding	0	0	0	2	0	0	0	0	0	0	0	0	2
tonB	EC958_1527	EC958_1527	protein_coding	0	0	0	6	6	0	0	0	0	0	0	0	0
treB	EC958_4733	EC958_4733	protein_coding	0	7	1	124	63	1	0	0	0	0	0	7	61
treC	EC958_4732	EC958_4732	protein_coding	0	7	5	127	72	5	0	0	0	0	0	7	55
treR	EC958_4734	EC958_4734	protein_coding	0	5	1	99	31	1	0	0	0	0	0	5	68
trpA	EC958_1589	EC958_1589	protein_coding	0	0	0	2	2	0	0	0	0	0	0	0	0
trpB	EC958_1590	EC958_1590	protein_coding	0	0	0	2	2	0	0	0	0	0	0	0	0
trpR	EC958_0124	EC958_0124	protein_coding	0	0	0	2	1	0	0	0	0	0	0	0	1
tyrP	EC958_2127	EC958_2127	protein_coding	0	0	0	1	0	0	0	0	0	0	0	0	1
ubiH	EC958_3188	EC958_3188	protein_coding	0	0	0	4	1	0	0	0	0	0	0	0	3
uxuA	EC958_0053	EC958_0053	protein_coding	0	2	0	77	32	0	0	0	0	0	0	2	45
uxuB	EC958_0054	EC958_0054	protein_coding	0	10	0	69	35	0	0	0	0	0	0	10	34
uxuR	EC958_0056	EC958_0056	protein_coding	0	2	0	63	46	0	0	0	0	0	0	2	17
valS	EC958_4752	EC958_4752	protein_coding	0	27	0	15	14	0	0	0	0	0	0	27	1
visC	EC958_3187	EC958_3187	protein_coding	0	0	0	3	1	0	0	0	0	0	0	0	2
yadB	EC958_0287	EC958_0287	protein_coding	0	0	0	1	0	0	0	0	0	0	0	0	1
yadC	EC958_0278	EC958_0278	protein_coding	0	0	0	1	1	0	0	0	0	0	0	0	0
yadD	EC958_0274	EC958_0274	protein_coding	0	0	0	1	0	0	0	0	0	0	0	0	1
yadE	EC958_0272	EC958_0272	protein_coding	0	0	1	0	0	1	0	0	0	0	0	0	0
yadF	EC958_0268	EC958_0268	protein_coding	0	0	0	1	0	0	0	0	0	0	0	0	1
yadG	EC958_0269	EC958_0269	protein_coding	0	0	0	1	1	0	0	0	0	0	0	0	0
yadH	EC958_0270	EC958_0270	protein_coding	0	0	0	1	1	0	0	0	0	0	0	0	0
yadI	EC958_0271	EC958_0271	protein_coding	0	0	0	1	1	0	0	0	0	0	0	0	0
yafZ2	EC958_3318	EC958_3318	protein_coding	0	0	0	7	1	0	0	0	0	0	0	0	6
yahF	EC958_0472	EC958_0472	protein_coding	0	0	0	1	1	0	0	0	0	0	0	0	0
yahG	EC958_0473	EC958_0473	protein_coding	0	0	0	1	1	0	0	0	0	0	0	0	0
yahI	EC958_0474	EC958_0474	protein_coding	0	0	0	1	1	0	0	0	0	0	0	0	0
yahJ	EC958_0475	EC958_0475	protein_coding	0	0	0	1	1	0	0	0	0	0	0	0	0
yahK	EC958_0476	EC958_0476	protein_coding	0	1	0	0	0	0	0	0	0	0	0	1	0
yahN	EC958_0477	EC958_0477	protein_coding	0	0	0	2	1	0	0	0	0	0	0	0	1
yahO	EC958_0478	EC958_0478	protein_coding	0	0	0	2	1	0	0	0	0	0	0	0	1
ybcO	EC958_4881	EC958_4881	protein_coding	0	4	2	25	14	2	0	0	0	0	0	4	11
ybiK	EC958_0940	EC958_0940	protein_coding	0	0	0	1	0	0	0	0	0	0	0	0	1
ybiP	EC958_0928	EC958_0928	protein_coding	0	0	0	1	0	0	0	0	0	0	0	0	1
ybiR	EC958_0931	EC958_0931	protein_coding	0	0	0	1	1	0	0	0	0	0	0	0	0
ybiS	EC958_0932	EC958_0932	protein_coding	0	0	0	1	0	0	0	0	0	0	0	0	1
ybiT	EC958_0933	EC958_0933	protein_coding	0	1	0	1	1	0	0	0	0	0	0	1	0
ybiV	EC958_0934	EC958_0934	protein_coding	0	0	0	2	1	0	0	0	0	0	0	0	1
ybiW	EC958_0935	EC958_0935	protein_coding	0	1	0	1	1	0	0	0	0	0	0	1	0
ycaI	EC958_1123	EC958_1123	protein_coding	0	0	0	5	0	0	0	0	0	0	0	0	5
ycaL	EC958_1119	EC958_1119	protein_coding	0	0	0	11	0	0	0	0	0	0	0	0	11
ycaO	EC958_1061	EC958_1061	protein_coding	0	0	0	2	0	0	0	0	0	0	0	0	2
ycaP	EC958_1062	EC958_1062	protein_coding	0	0	0	2	2	0	0	0	0	0	0	0	0
ycgE	EC958_5195	EC958_5195	protein_coding	0	0	0	3	3	0	0	0	0	0	0	0	0
ycgF	EC958_1396	EC958_1396	protein_coding	0	0	0	3	3	0	0	0	0	0	0	0	0
ycgX	EC958_1394	EC958_1394	protein_coding	0	0	0	3	3	0	0	0	0	0	0	0	0
yciA	EC958_1528	EC958_1528	protein_coding	0	0	0	6	0	0	0	0	0	0	0	0	6
yciC	EC958_1530	EC958_1530	protein_coding	0	0	0	6	0	0	0	0	0	0	0	0	6
yciH	EC958_1615	EC958_1615	protein_coding	0	1	0	0	0	0	0	0	0	0	0	1	0
yciI	EC958_1526	EC958_1526	protein_coding	0	0	0	4	0	0	0	0	0	0	0	0	4
yciM	EC958_1612	EC958_1612	protein_coding	0	0	0	1	1	0	0	0	0	0	0	0	0
yciR	EC958_1619	EC958_1619	protein_coding	0	0	0	2	1	0	0	0	0	0	0	0	1
yciS	EC958_1611	EC958_1611	protein_coding	0	0	0	1	1	0	0	0	0	0	0	0	0
yciW	EC958_1621	EC958_1621	protein_coding	0	1	0	0	0	0	0	0	0	0	0	1	0
yecA	EC958_2128	EC958_2128	protein_coding	0	0	0	1	0	0	0	0	0	0	0	0	1
yecG	EC958_2115	EC958_2115	protein_coding	0	0	0	1	1	0	0	0	0	0	0	0	0
yecH	EC958_2126	EC958_2126	protein_coding	0	0	0	1	1	0	0	0	0	0	0	0	0
yecI	EC958_2121	EC958_2121	protein_coding	0	0	0	1	0	0	0	0	0	0	0	0	1
yecJ	EC958_2122	EC958_2122	protein_coding	0	0	0	1	1	0	0	0	0	0	0	0	0
yecR	EC958_2124	EC958_2124	protein_coding	0	0	0	1	0	0	0	0	0	0	0	0	1
yfjI	EC958_3310	EC958_3310	protein_coding	1	14	11	27	0	11	0	0	1	0	0	14	27
ygfA	EC958_3192	EC958_3192	protein_coding	0	1	0	10	9	0	1	0	0	0	1	0	1
ygfB	EC958_3190	EC958_3190	protein_coding	0	1	0	2	0	0	0	0	0	0	0	1	2
ygfE	EC958_3191	EC958_3191	protein_coding	0	0	0	4	3	0	0	0	0	0	0	0	1
ygfZ	EC958_3180	EC958_3180	protein_coding	0	0	0	1	1	0	0	0	0	0	0	0	0
yggA	EC958_3202	EC958_3202	protein_coding	0	0	0	25	15	0	0	0	0	0	0	0	10
yggB	EC958_3203	EC958_3203	protein_coding	0	3	0	23	15	0	0	0	0	0	0	3	8
yggC	EC958_3212	EC958_3212	protein_coding	0	0	0	29	7	0	0	0	0	0	0	0	22
yggD	EC958_3213	EC958_3213	protein_coding	0	0	0	28	6	0	0	0	0	0	0	0	22
yggE	EC958_3201	EC958_3201	protein_coding	0	1	0	23	14	0	0	0	0	0	0	1	9
yggG	EC958_3221	EC958_3221	protein_coding	1	3	6	23	14	6	0	0	1	0	0	3	9
yggH	EC958_3250	EC958_3250	protein_coding	0	3	2	82	63	2	0	0	0	0	0	3	19
yggJ	EC958_3232	EC958_3232	protein_coding	0	11	0	124	53	0	0	0	0	0	0	11	71
yggL	EC958_3249	EC958_3249	protein_coding	0	3	1	86	64	1	0	0	0	0	0	3	22
yggM	EC958_3245	EC958_3245	protein_coding	0	8	5	104	40	5	0	0	0	0	0	8	64
yggN	EC958_3247	EC958_3247	protein_coding	0	6	0	85	52	0	0	0	0	0	0	6	33
yggR	EC958_3236	EC958_3236	protein_coding	0	10	0	113	67	0	0	0	0	0	0	10	46
yggS	EC958_3237	EC958_3237	protein_coding	0	3	0	113	47	0	0	0	0	0	0	3	66
yggT	EC958_3238	EC958_3238	protein_coding	0	8	0	94	40	0	0	0	0	0	0	8	54
yggU	EC958_3239	EC958_3239	protein_coding	0	0	1	91	40	1	0	0	0	0	0	0	51
yggV	EC958_3240	EC958_3240	protein_coding	0	9	1	87	38	1	0	0	0	0	0	9	49
yggW	EC958_3241	EC958_3241	protein_coding	0	15	2	101	48	2	0	0	0	0	0	15	53
yggX	EC958_3252	EC958_3252	protein_coding	0	1	0	85	16	0	0	0	0	0	0	1	69
yghA	EC958_3397	EC958_3397	protein_coding	0	0	0	25	1	0	0	0	0	0	0	0	24
yghB	EC958_3401	EC958_3401	protein_coding	0	0	0	9	1	0	0	0	0	0	0	0	8
yghJ	EC958_3357	EC958_3357	protein_coding	0	0	0	74	0	0	0	0	0	0	0	0	74
yghQ	EC958_3376	EC958_3376	protein_coding	0	32	3	294	178	3	0	0	0	0	0	32	116
yghR	EC958_3377	EC958_3377	protein_coding	0	16	3	278	177	3	0	0	0	0	0	16	101
yghS	EC958_3378	EC958_3378	protein_coding	0	9	5	263	176	5	0	0	0	0	0	9	87
yghT	EC958_3379	EC958_3379	protein_coding	0	15	5	258	87	5	0	0	0	0	0	15	171
yghU	EC958_3383	EC958_3383	protein_coding	0	18	3	197	105	3	0	0	0	0	0	18	92
yghW	EC958_3393	EC958_3393	protein_coding	0	0	0	95	78	0	0	0	0	0	0	0	17
yghZ	EC958_3395	EC958_3395	protein_coding	0	3	1	55	4	1	0	0	0	0	0	3	51
ygiK	EC958_3414	EC958_3414	protein_coding	0	0	0	31	3	0	0	0	0	0	0	0	28
ygiN	EC958_3426	EC958_3426	protein_coding	0	1	0	16	8	0	0	0	0	0	0	1	8
ygiV	EC958_3419	EC958_3419	protein_coding	0	3	0	13	5	0	0	0	0	0	0	3	8
ygiW	EC958_3420	EC958_3420	protein_coding	0	2	0	15	8	0	0	0	0	0	0	2	7
ygjI	EC958_3484	EC958_3484	protein_coding	0	0	0	1	1	0	0	0	0	0	0	0	0
ygjJ	EC958_3485	EC958_3485	protein_coding	0	0	0	1	1	0	0	0	0	0	0	0	0
ygjK	EC958_3486	EC958_3486	protein_coding	0	0	1	0	0	1	0	0	0	0	0	0	0
ygjL	EC958_3487	EC958_3487	protein_coding	0	0	0	2	1	0	0	0	0	0	0	0	1
ygjO	EC958_3490	EC958_3490	protein_coding	0	0	0	2	1	0	0	0	0	0	0	0	1
ygjP	EC958_3491	EC958_3491	protein_coding	0	0	0	2	1	0	0	0	0	0	0	0	1
ygjQ	EC958_3492	EC958_3492	protein_coding	0	0	0	1	0	0	0	0	0	0	0	0	1
ygjR	EC958_3493	EC958_3493	protein_coding	0	0	0	1	0	0	0	0	0	0	0	0	1
ygjT	EC958_3494	EC958_3494	protein_coding	0	0	0	1	0	0	0	0	0	0	0	0	1
ygjU	EC958_3495	EC958_3495	protein_coding	0	0	0	1	0	0	0	0	0	0	0	0	1
ygjV	EC958_3496	EC958_3496	protein_coding	0	0	0	1	1	0	0	0	0	0	0	0	0
yhgA	EC958_3805	EC958_3805	protein_coding	0	0	0	1	0	0	0	0	0	0	0	0	1
yhgE	EC958_3796	EC958_3796	protein_coding	0	0	0	2	0	0	0	0	0	0	0	0	2
yhgF	EC958_3801	EC958_3801	protein_coding	0	0	0	3	1	0	0	0	0	0	0	0	2
yhgG	EC958_3804	EC958_3804	protein_coding	0	0	0	1	0	0	0	0	0	0	0	0	1
yhgH	EC958_3807	EC958_3807	protein_coding	0	0	0	1	0	0	0	0	0	0	0	0	1
yhgI	EC958_3808	EC958_3808	protein_coding	0	0	0	1	0	0	0	0	0	0	0	0	1
yihA	EC958_4343	EC958_4343	protein_coding	0	0	0	2	1	0	0	0	0	0	0	0	1
yihD	EC958_4334	EC958_4334	protein_coding	0	0	0	1	1	0	0	0	0	0	0	0	0
yihG	EC958_4339	EC958_4339	protein_coding	0	0	0	1	1	0	0	0	0	0	0	0	0
yihI	EC958_4344	EC958_4344	protein_coding	0	0	0	1	1	0	0	0	0	0	0	0	0
yjfF	EC958_4724	EC958_4724	protein_coding	0	11	1	113	53	1	0	0	0	0	0	11	60
yjfG	EC958_4726	EC958_4726	protein_coding	0	16	0	133	74	0	0	0	0	0	0	16	59
yjgA	EC958_4727	EC958_4727	protein_coding	0	2	0	127	52	0	0	0	0	0	0	2	75
yjgB	EC958_4759	EC958_4759	protein_coding	0	2	0	39	3	0	0	0	0	0	0	2	36
yjgD	EC958_4749	EC958_4749	protein_coding	0	3	0	38	33	0	0	0	0	0	0	3	5
yjgF	EC958_4737	EC958_4737	protein_coding	0	5	0	73	55	0	0	0	0	0	0	5	18
yjgK	EC958_4745	EC958_4745	protein_coding	0	0	0	38	12	0	0	0	0	0	0	0	26
yjgN	EC958_4751	EC958_4751	protein_coding	0	0	0	42	30	0	0	0	0	0	0	0	12
yjgP	EC958_4756	EC958_4756	protein_coding	0	0	0	34	9	0	0	0	0	0	0	0	25
yjgQ	EC958_4757	EC958_4757	protein_coding	0	0	0	48	39	0	0	0	0	0	0	0	9
yjgR	EC958_4758	EC958_4758	protein_coding	0	0	0	42	1	0	0	0	0	0	0	0	41
yjhA	EC958_0039	EC958_0039	protein_coding	0	8	2	114	50	2	0	0	0	0	0	8	64
yjhS	EC958_0037	EC958_0037	protein_coding	0	7	11	148	62	11	0	0	0	0	0	7	86
yjiA	EC958_0082	EC958_0082	protein_coding	0	7	0	57	12	0	0	0	0	0	0	7	45
yjiD	EC958_0059	EC958_0059	protein_coding	0	0	2	80	49	2	0	0	0	0	0	0	31
yjiE	EC958_0060	EC958_0060	protein_coding	0	6	0	78	31	0	0	0	0	0	0	6	47
yjiG	EC958_0062	EC958_0062	protein_coding	0	8	0	71	36	0	0	0	0	0	0	8	35
yjiH	EC958_0063	EC958_0063	protein_coding	0	5	0	77	44	0	0	0	0	0	0	5	33
yjiJ	EC958_0065	EC958_0065	protein_coding	0	2	1	98	50	1	0	0	0	0	0	2	48
yjiK	EC958_0066	EC958_0066	protein_coding	0	2	1	118	50	1	0	0	0	0	0	2	68
yjiL	EC958_0068	EC958_0068	protein_coding	0	2	0	140	42	0	0	0	0	0	0	2	98
yjiM	EC958_0069	EC958_0069	protein_coding	0	5	0	137	42	0	0	0	0	0	0	5	95
yjiN	EC958_0070	EC958_0070	protein_coding	0	26	1	123	30	1	0	0	0	0	0	26	93
yjiR	EC958_0073	EC958_0073	protein_coding	1	11	3	109	99	3	0	0	1	0	0	11	10
yjiW	EC958_0075	EC958_0075	protein_coding	0	2	2	90	90	2	0	0	0	0	0	2	0
yjiY	EC958_0084	EC958_0084	protein_coding	0	16	2	64	20	2	0	0	0	0	0	16	44
yjjA	EC958_0090	EC958_0090	protein_coding	0	5	2	129	53	2	0	0	0	0	0	5	76
yjjB	EC958_0093	EC958_0093	protein_coding	0	15	1	118	62	1	0	0	0	0	0	15	56
yjjG	EC958_0102	EC958_0102	protein_coding	0	1	2	119	80	2	0	0	0	0	0	1	39
yjjI	EC958_0109	EC958_0109	protein_coding	0	2	2	89	83	2	0	0	0	0	0	2	6
yjjJ	EC958_0115	EC958_0115	protein_coding	0	0	0	11	5	0	0	0	0	0	0	0	6
yjjK	EC958_0121	EC958_0121	protein_coding	0	0	0	6	5	0	0	0	0	0	0	0	1
yjjM	EC958_0087	EC958_0087	protein_coding	0	5	0	102	44	0	0	0	0	0	0	5	58
yjjP	EC958_0094	EC958_0094	protein_coding	0	11	4	116	71	4	0	0	0	0	0	11	45
yjjQ	EC958_0095	EC958_0095	protein_coding	0	4	3	109	35	3	0	0	0	0	0	4	74
yjjT	EC958_0099	EC958_0099	protein_coding	0	3	1	121	74	1	0	0	0	0	0	3	47
yjjU	EC958_0106	EC958_0106	protein_coding	0	20	2	87	45	2	0	0	0	0	0	20	42
yjjV	EC958_0107	EC958_0107	protein_coding	0	17	2	90	26	2	0	0	0	0	0	17	64
yjjW	EC958_0108	EC958_0108	protein_coding	0	14	7	86	76	7	0	0	0	0	0	14	10
yjjX	EC958_0125	EC958_0125	protein_coding	0	0	0	1	0	0	0	0	0	0	0	0	1
yjjY	EC958_0133	EC958_0133	protein_coding	0	0	0	1	0	0	0	0	0	0	0	0	1
ylcE	EC958_1584	EC958_1584	protein_coding	0	0	0	2	2	0	0	0	0	0	0	0	0
yqfB	EC958_3182	EC958_3182	protein_coding	0	0	0	1	0	0	0	0	0	0	0	0	1
yqfE	EC958_3195	EC958_3195	protein_coding	0	0	0	18	3	0	0	0	0	0	0	0	15
yqgA	EC958_3256	EC958_3256	protein_coding	0	8	4	19	0	4	0	0	0	0	0	8	19
yqgD	EC958_5056	EC958_5056	protein_coding	0	0	0	92	14	0	0	0	0	0	0	0	78
yqgE	EC958_3234	EC958_3234	protein_coding	0	4	0	125	56	0	0	0	0	0	0	4	69
yqhA	EC958_3396	EC958_3396	protein_coding	0	2	0	33	31	0	0	0	0	0	0	2	2
yqhC	EC958_3402	EC958_3402	protein_coding	0	0	0	5	4	0	0	0	0	0	0	0	1
yqhD	EC958_3403	EC958_3403	protein_coding	0	0	0	4	3	0	0	0	0	0	0	0	1
yqhG	EC958_3405	EC958_3405	protein_coding	0	0	0	14	13	0	0	0	0	0	0	0	1
yqhH	EC958_3406	EC958_3406	protein_coding	0	0	0	14	13	0	0	0	0	0	0	0	1
yqiA	EC958_3434	EC958_3434	protein_coding	0	0	0	1	1	0	0	0	0	0	0	0	0
ytfB	EC958_4701	EC958_4701	protein_coding	0	10	2	45	1	2	0	0	0	0	0	10	44
ytfE	EC958_4704	EC958_4704	protein_coding	0	13	1	62	27	1	0	0	0	0	0	13	35
ytfF	EC958_4705	EC958_4705	protein_coding	0	9	1	69	41	1	0	0	0	0	0	9	28
ytfG	EC958_4706	EC958_4706	protein_coding	0	5	2	77	50	2	0	0	0	0	0	5	27
ytfH	EC958_4707	EC958_4707	protein_coding	0	2	2	69	24	2	0	0	0	0	0	2	45
ytfJ	EC958_4710	EC958_4710	protein_coding	0	0	0	86	38	0	0	0	0	0	0	0	48
ytfK	EC958_4711	EC958_4711	protein_coding	0	0	1	83	55	1	0	0	0	0	0	0	28
ytfL	EC958_4712	EC958_4712	protein_coding	0	8	1	81	27	1	0	0	0	0	0	8	54
ytfP	EC958_4717	EC958_4717	protein_coding	0	0	0	107	56	0	0	0	0	0	0	0	51
ytfQ	EC958_4721	EC958_4721	protein_coding	0	22	0	88	57	0	0	0	0	0	0	22	31
ytfR	EC958_4722	EC958_4722	protein_coding	0	25	0	99	52	0	0	0	0	0	0	25	47
ytfT	EC958_4723	EC958_4723	protein_coding	0	8	0	111	54	0	0	0	0	0	0	8	57
